2815 0
2817 1
2818 2
2819 3
2821 4
2821 5
2822 6
2823 7
2824 8
2826 9
2828 10
2829 11
2831 12
2833 13
2834 14
2836 15
2837 16
2839 17
2840 18
2842 19
2844 20
2846 21
2848 22
2850 23
2851 24
2854 25
2855 26
2857 27
2859 28
2861 29
2827 30
2827 31
2829 32
2821 33
2823 34
2825 35
2827 36
2830 37
2832 38
2834 39
2837 40
2840 41
2842 42
2845 43
2848 44
2851 45
2853 46
2856 47
2859 48
2862 49
2864 50
2867 51
2869 52
2872 53
2874 54
2876 55
2879 56
2881 57
2883 58
2886 59
2889 60
2892 61
2894 62
2897 63
2901 64
2904 65
2907 66
2910 67
2914 68
2917 69
2920 70
2924 71
2927 72
2930 73
2934 74
2937 75
2941 76
2944 77
2946 78
2951 79
2954 80
2957 81
2960 82
2964 83
2968 84
2970 85
2973 86
2976 87
2978 88
2981 89
2985 90
2988 91
2990 92
2993 93
2996 94
2999 95
3002 96
3005 97
3008 98
3013 99
3016 100
3019 101
3023 102
3031 103
3039 104
3042 105
3045 106
3050 107
3056 108
3059 109
3064 110
3068 111
3071 112
3075 113
3080 114
3083 115
3087 116
3091 117
3097 118
3101 119
3104 120
3108 121
3113 122
3116 123
3120 124
3124 125
3127 126
3131 127
3135 128
3139 129
3142 130
3145 131
3148 132
3154 133
3157 134
3160 135
3164 136
3168 137
3172 138
3175 139
3180 140
3184 141
3188 142
3191 143
3196 144
3200 145
3203 146
3207 147
3212 148
3214 149
3218 150
3221 151
3226 152
3230 153
3233 154
3237 155
3243 156
3248 157
3251 158
3256 159
3261 160
3265 161
3270 162
3275 163
3280 164
3284 165
3288 166
3293 167
3298 168
3302 169
3306 170
3312 171
3317 172
3321 173
3325 174
3330 175
3335 176
3339 177
3344 178
3349 179
3353 180
3358 181
3363 182
3368 183
3372 184
3377 185
3382 186
3387 187
3391 188
3395 189
3401 190
3406 191
3410 192
3415 193
3421 194
3428 195
3433 196
3438 197
3444 198
3450 199
3456 200
3461 201
3467 202
3472 203
3478 204
3483 205
3488 206
3494 207
3499 208
3504 209
3511 210
3517 211
3523 212
3529 213
3536 214
3605 215
3640 216
3668 217
3687 218
3702 219
3720 220
3737 221
3751 222
3763 223
3775 224
3785 225
3795 226
3805 227
3813 228
3822 229
3831 230
3840 231
3847 232
3854 233
3861 234
3868 235
3875 236
3882 237
3888 238
3894 239
3900 240
3907 241
3913 242
3919 243
3926 244
3933 245
3939 246
3944 247
3950 248
3955 249
3960 250
3965 251
3970 252
3975 253
3979 254
3983 255
3987 256
3991 257
3995 258
3999 259
4004 260
4008 261
4012 262
4018 263
4024 264
4030 265
4036 266
4042 267
4048 268
4054 269
4059 270
4064 271
4069 272
4074 273
4079 274
4085 275
4090 276
4095 277
4 277
9 277
14 277
20 277
25 277
32 277
39 277
44 277
49 277
54 277
60 277
66 277
71 277
77 277
82 277
88 277
94 277
99 277
103 277
109 277
115 277
120 277
126 277
131 277
137 277
143 277
148 277
154 277
160 277
165 277
171 277
175 277
180 277
185 277
189 277
194 277
199 277
203 277
208 277
212 277
217 277
222 277
226 277
231 277
238 277
243 277
247 277
252 277
257 277
261 277
266 277
271 277
276 277
280 277
285 277
290 277
294 277
298 277
302 277
307 277
311 277
315 277
320 277
325 277
329 277
334 277
338 277
343 277
347 277
351 277
355 277
359 277
363 277
367 277
372 277
376 277
379 277
383 277
387 277
391 277
395 277
399 277
404 277
409 277
412 277
416 277
420 277
423 277
427 277
431 277
435 277
438 277
441 277
446 277
449 277
452 277
456 277
460 277
464 277
467 277
471 277
475 277
479 277
482 277
486 277
490 277
493 277
497 277
500 277
504 277
507 277
511 277
516 277
520 277
524 277
527 277
530 277
535 277
539 277
541 277
545 277
550 277
554 277
557 277
560 277
564 277
567 277
570 277
574 277
578 277
580 277
583 277
586 277
589 277
590 277
593 277
596 277
600 277
602 277
604 277
609 277
613 277
615 277
620 277
624 277
628 277
632 277
635 277
639 277
643 277
645 277
650 277
655 277
657 277
660 277
665 277
668 277
671 277
674 277
677 277
682 277
684 277
684 277
687 277
689 277
689 277
692 277
695 277
696 277
699 277
703 277
706 277
708 277
710 277
714 277
719 277
719 277
722 277
727 277
730 277
734 277
739 277
743 277
747 277
749 277
753 277
759 277
760 277
763 277
768 277
832 277
868 277
870 277
873 277
877 277
879 277
880 277
884 277
889 277
891 277
895 277
898 277
902 277
905 277
907 277
912 277
916 277
917 277
920 277
927 277
930 277
934 277
944 277
961 277
965 277
969 277
980 277
990 277
995 277
999 277
1005 277
1012 277
1022 277
1030 277
1037 277
1045 277
1052 277
1062 277
1071 277
1078 277
1087 277
1099 277
1110 277
1120 277
1130 277
1136 277
1146 277
1157 277
1168 277
1178 277
1188 277
1198 277
1203 277
1201 277
1198 277
1197 277
1197 277
1188 277
1187 277
1187 277
1186 277
1182 277
1176 277
1176 277
1172 277
1160 277
1158 277
1156 277
1146 277
1140 277
1135 277
1135 277
1129 277
1119 277
1112 277
1114 277
1113 277
1100 277
1098 277
1098 277
1094 277
1081 277
1079 277
1076 277
1069 277
1063 277
1060 277
1054 277
1042 277
1032 277
1036 277
1031 277
1017 277
1016 277
1018 277
1013 277
1005 277
998 277
1003 277
998 277
982 277
982 277
979 277
961 277
957 277
955 277
950 277
947 277
936 277
938 277
938 277
904 277
901 277
902 277
894 277
871 277
851 277
854 277
858 277
834 277
825 277
836 277
837 277
829 277
820 277
821 277
826 277
807 277
788 277
803 277
799 277
779 277
779 277
783 277
788 277
778 277
762 277
774 277
774 277
748 277
745 277
740 277
710 277
699 277
685 277
676 277
653 277
626 277
619 277
626 277
557 277
507 277
519 277
524 277
442 277
420 277
423 277
434 277
216 277
3933 278
3601 279
3109 280
3092 281
2951 282
2873 283
2943 284
2938 285
2907 286
2875 287
2878 288
2897 289
2872 290
2836 291
2859 292
2869 293
2854 294
2856 295
2862 296
2866 297
2858 298
2858 299
2863 300
2861 301
2843 302
2843 303
2840 304
2820 305
2803 305
2800 305
2794 305
2782 305
2770 305
2766 305
2773 305
2771 305
2767 305
2779 305
2788 305
2790 305
2796 305
2800 305
2790 305
2781 305
2800 305
2810 305
2808 305
2799 305
2804 305
2806 305
2803 305
2802 305
2801 305
2800 305
2800 305
2799 305
2799 305
2796 305
2797 305
2797 305
2796 305
2796 305
2797 305
2797 305
2795 305
2795 305
2795 305
2795 305
2794 305
2793 305
2793 305
2793 305
2791 305
2791 305
2790 305
2789 305
2788 305
2787 305
2787 305
2786 305
2784 305
2783 305
2783 305
2783 305
2782 305
2782 305
2782 305
2781 305
2780 305
2780 305
2780 305
2780 305
2780 305
2780 305
2780 305
2780 305
2780 305
2780 305
2780 305
2780 305
2780 305
2781 305
2781 305
2781 305
2781 305
2781 305
2781 305
2782 305
2782 305
2782 305
2782 305
2766 305
2751 305
2751 305
2751 305
2751 305
2752 305
2753 305
2754 305
2755 305
2756 305
2757 305
2759 305
2760 305
2761 305
2762 305
2764 305
2765 305
2767 305
2768 305
2770 305
2771 305
2772 305
2774 305
2775 305
2776 305
2777 305
2779 305
2780 305
2781 305
2783 305
2784 305
2786 305
2787 305
2789 305
2790 305
2792 305
2794 305
2795 305
2797 305
2799 305
2801 305
2803 305
2805 305
2808 305
2809 305
2811 305
2814 305
2816 306
2817 307
2819 308
2821 309
2823 310
2825 311
2826 312
2828 313
2831 314
2833 315
2834 316
2837 317
2839 318
2841 319
2843 320
2846 321
2847 322
2850 323
2851 324
2855 325
2858 326
2859 327
2862 328
2865 329
2867 330
2870 331
2872 332
2875 333
2879 334
2881 335
2882 336
2886 337
2889 338
2891 339
2894 340
2898 341
2901 342
2904 343
2906 344
2910 345
2913 346
2915 347
2918 348
2921 349
2924 350
2926 351
2929 352
2932 353
2936 354
2939 355
2942 356
2947 357
2949 358
2953 359
2956 360
2960 361
2963 362
2966 363
2970 364
2975 365
2978 366
2980 367
2984 368
2987 369
2991 370
2993 371
2996 372
3002 373
3006 374
3009 375
3014 376
3018 377
3022 378
3025 379
3029 380
3034 381
3037 382
3039 383
3043 384
3047 385
3050 386
3053 387
3056 388
3061 389
3065 390
3068 391
3072 392
3078 393
3083 394
3088 395
3093 396
3099 397
3105 398
3110 399
3115 400
3121 401
3126 402
3130 403
3137 404
3143 405
3147 406
3152 407
3158 408
3164 409
3169 410
3173 411
3178 412
3185 413
3191 414
3195 415
3202 416
3207 417
3213 418
3219 419
3225 420
3232 421
3237 422
3243 423
3250 424
3256 425
3261 426
3267 427
3274 428
3281 429
3286 430
3290 431
3296 432
3302 433
3306 434
3311 435
3317 436
3321 437
3326 438
3332 439
3337 440
3342 441
3347 442
3352 443
3359 444
3364 445
3368 446
3375 447
3382 448
3387 449
3394 450
3402 451
3409 452
3416 453
3423 454
3431 455
3438 456
3445 457
3452 458
3461 459
3468 460
3447 461
3608 462
3608 463
3609 464
3609 465
3609 466
3609 467
3609 468
3610 469
3610 470
3610 471
3611 472
3611 473
3611 474
3611 475
3612 476
3612 477
3612 478
3612 479
3612 480
3612 481
3612 482
3612 483
3612 484
3613 485
3613 486
3613 487
3613 488
3613 489
3613 490
3613 491
3613 492
3613 493
3613 494
3613 495
3614 496
3614 497
3614 498
3614 499
3614 500
3614 501
3614 502
3614 503
3614 504
3615 505
3615 506
3615 507
3615 508
3615 509
3615 510
3623 511
3633 512
3647 513
3661 514
3673 515
3685 516
3697 517
3711 518
3720 519
3730 520
3742 521
3753 522
3760 523
3770 524
3781 525
3790 526
3799 527
3809 528
3819 529
3832 530
3842 531
3850 532
3862 533
3871 534
3879 535
3889 536
3899 537
3907 538
3916 539
3924 540
3932 541
3940 542
3947 543
3955 544
3964 545
3971 546
3978 547
3986 548
3994 549
4002 550
4009 551
4015 552
4023 553
4029 554
4035 555
4042 556
4047 557
4052 558
4057 559
4063 560
4069 561
4073 562
4078 563
4084 564
4089 565
4093 566
2 566
4 566
5 566
61 566
66 566
71 566
77 566
82 566
87 566
92 566
96 566
102 566
106 566
111 566
116 566
120 566
125 566
130 566
135 566
139 566
144 566
150 566
154 566
159 566
165 566
170 566
174 566
179 566
183 566
188 566
192 566
197 566
201 566
205 566
210 566
214 566
219 566
223 566
227 566
232 566
238 566
243 566
253 566
262 566
269 566
274 566
279 566
285 566
289 566
294 566
299 566
305 566
309 566
313 566
319 566
323 566
328 566
332 566
337 566
341 566
345 566
348 566
352 566
356 566
360 566
364 566
368 566
370 566
374 566
378 566
381 566
385 566
389 566
396 566
399 566
403 566
406 566
410 566
412 566
416 566
420 566
422 566
425 566
429 566
433 566
435 566
439 566
444 566
449 566
451 566
455 566
460 566
464 566
468 566
472 566
476 566
479 566
483 566
487 566
490 566
493 566
497 566
501 566
504 566
506 566
510 566
514 566
516 566
519 566
522 566
526 566
530 566
532 566
535 566
539 566
541 566
543 566
547 566
549 566
552 566
554 566
558 566
562 566
564 566
565 566
569 566
573 566
575 566
577 566
579 566
583 566
586 566
587 566
590 566
593 566
593 566
595 566
598 566
599 566
601 566
603 566
606 566
610 566
610 566
611 566
615 566
618 566
618 566
621 566
625 566
628 566
631 566
633 566
637 566
639 566
641 566
645 566
650 566
651 566
655 566
661 566
665 566
667 566
670 566
675 566
680 566
682 566
683 566
688 566
711 566
763 566
768 566
773 566
776 566
778 566
782 566
787 566
790 566
792 566
798 566
803 566
801 566
803 566
808 566
815 566
817 566
819 566
823 566
831 566
833 566
835 566
843 566
846 566
849 566
855 566
860 566
863 566
866 566
871 566
880 566
883 566
884 566
890 566
898 566
899 566
901 566
904 566
911 566
916 566
919 566
925 566
933 566
935 566
940 566
950 566
954 566
959 566
966 566
975 566
983 566
989 566
995 566
1010 566
1019 566
1025 566
1040 566
1050 566
1064 566
1074 566
1082 566
1096 566
1094 566
1086 566
1085 566
1085 566
1070 566
1062 566
1056 566
1059 566
1050 566
1036 566
1036 566
1037 566
1022 566
1008 566
1002 566
1002 566
989 566
980 566
975 566
968 566
956 566
945 566
954 566
952 566
948 566
956 566
972 566
971 566
968 566
970 566
982 566
984 566
971 566
968 566
969 566
946 566
925 566
913 566
899 566
875 566
861 566
850 566
838 566
808 566
781 566
790 566
788 566
761 566
758 566
758 566
764 566
743 566
724 566
735 566
728 566
706 566
703 566
705 566
689 566
675 566
661 566
670 566
650 566
617 566
617 566
618 566
581 566
569 566
563 566
569 566
554 566
531 566
531 566
535 566
503 566
482 566
480 566
474 566
457 566
448 566
442 566
422 566
404 566
390 566
390 566
382 566
353 566
353 566
343 566
322 566
300 566
277 566
270 566
251 566
219 566
196 566
169 566
116 566
83 566
56 566
5 566
4066 567
4001 568
3916 569
3835 570
3740 571
3650 572
3548 573
3464 574
3385 575
3319 576
3273 577
3216 578
3184 579
3125 580
3099 581
3051 582
3010 583
2975 584
2928 585
2896 586
2865 587
2852 588
2830 589
2806 589
2799 589
2800 589
2784 589
2786 589
2780 589
2779 589
2779 589
2777 589
2776 589
2771 589
2771 589
2762 589
2762 589
2761 589
2758 589
2761 589
2759 589
2761 589
2761 589
2760 589
2760 589
2756 589
2754 589
2750 589
2750 589
2750 589
2748 589
2749 589
2748 589
2749 589
2751 589
2752 589
2753 589
2753 589
2754 589
2754 589
2754 589
