716 0
716 0
722 1
742 2
766 3
792 4
823 5
855 6
891 7
927 8
965 9
1005 10
1045 11
1087 12
1127 13
1191 14
1234 15
1276 16
1321 17
1365 18
1409 19
1454 20
1500 21
1545 22
1589 23
1633 24
1680 25
1725 26
1769 27
1814 28
1860 29
1906 30
1952 31
1997 32
2043 33
2089 34
2134 35
2181 36
2227 37
2275 38
2324 39
2373 40
2452 41
2507 42
2584 43
2641 44
2721 45
2590 46
2563 47
2581 48
2598 49
2626 50
2836 51
3189 52
3371 53
3462 54
3511 55
3544 56
3558 57
3572 58
3595 59
3633 60
3655 61
3647 62
3674 63
3702 64
3730 65
3760 66
3792 67
3826 68
3878 69
3918 70
3961 71
4030 72
4073 73
21 73
67 73
111 73
157 73
203 73
249 73
294 73
343 73
390 73
440 73
490 73
539 73
590 73
640 73
691 73
740 74
790 75
841 76
890 77
940 78
989 79
1038 80
1087 81
1135 82
1182 83
1229 84
1277 85
1325 86
1374 87
1420 88
1467 89
1510 90
1554 91
1596 92
1637 93
1683 94
1730 95
1771 96
1810 97
1847 98
1888 99
1929 100
1970 101
2010 102
2055 103
2105 104
2151 105
2230 106
2517 107
2555 108
2555 109
2556 110
2556 111
2556 112
2556 113
2557 114
2560 115
2564 116
2588 117
2631 118
2633 119
2815 120
3118 121
3286 122
3373 123
3413 124
3447 125
3475 126
3498 127
3515 128
3526 129
3568 130
3595 131
3611 132
3642 133
3673 134
3706 135
3741 136
3778 137
3817 138
3858 139
3903 140
3948 141
3995 142
4041 143
4087 144
40 144
87 144
136 144
183 144
230 144
280 144
328 144
374 144
423 144
472 144
523 144
574 144
624 144
674 144
724 145
772 146
822 147
870 148
918 149
967 150
1015 151
1064 152
1112 153
1161 154
1213 155
1262 156
1309 157
1353 158
1396 159
1443 160
1489 161
1534 162
1581 163
1626 164
1671 165
1755 166
1802 167
1848 168
1894 169
1941 170
1987 171
2031 172
2077 173
2122 174
2171 175
2218 176
2266 177
2310 178
2363 179
2419 180
2477 181
2531 182
2583 183
2633 184
2711 185
2676 186
2560 187
2560 188
2594 189
2712 190
2881 191
3047 192
3151 193
3234 194
3296 195
3349 196
3395 197
3427 198
3389 199
3470 200
3498 201
3538 202
3578 203
3619 204
3663 205
3706 206
3745 207
3786 208
3827 209
3873 210
3919 211
3965 212
4012 213
4059 214
10 214
58 214
105 214
156 214
206 214
256 214
302 214
356 214
407 214
456 214
506 214
558 214
610 214
659 214
709 214
760 215
812 216
862 217
909 218
957 219
1005 220
1053 221
1102 222
1150 223
1197 224
1242 225
1287 226
1333 227
1378 228
1421 229
1465 230
1507 231
1547 232
1585 233
1622 234
1661 235
1700 236
1742 237
1782 238
1813 239
1875 240
1850 241
1773 242
2091 243
2723 244
2753 245
2787 246
2795 247
2700 248
2648 249
2620 250
2600 251
2584 252
2575 253
2571 254
2571 255
2628 256
2765 257
2876 258
2953 259
3004 260
3045 261
3079 262
3126 263
3224 264
3247 265
3275 266
3307 267
3339 268
3373 269
3409 270
3446 271
3484 272
3525 273
3567 274
3613 275
3658 276
3704 277
3752 278
3800 279
3849 280
3897 281
3945 282
3993 283
4041 284
4088 285
39 285
86 285
133 285
181 285
229 285
278 285
327 285
376 285
427 285
478 285
528 285
582 285
633 285
684 285
734 286
784 287
831 288
882 289
930 290
980 291
1028 292
1077 293
1126 294
1171 295
1218 296
1264 297
1312 298
1358 299
1405 300
1454 301
1501 302
1546 303
1589 304
1632 305
1680 306
1727 307
1772 308
1816 309
1861 310
1908 311
1954 312
2001 313
2047 314
2094 315
2143 316
2191 317
2243 318
2290 319
2345 320
2401 321
2459 322
2515 323
2573 324
2622 325
2555 326
2555 327
2558 328
2562 329
2567 330
2646 331
2815 332
3014 333
3161 334
3268 335
3353 336
3419 337
3466 338
3496 339
3518 340
3553 341
3600 342
3626 343
3631 344
3662 345
3691 346
3722 347
3755 348
3790 349
3825 350
3865 351
3907 352
3949 353
3992 354
4037 355
4082 356
35 356
84 356
132 356
180 356
227 356
272 356
319 356
367 356
416 356
467 356
517 356
568 356
619 356
670 356
720 357
768 358
819 359
869 360
917 361
965 362
1013 363
1061 364
1111 365
1159 366
1206 367
1251 368
1301 369
1352 370
1396 371
1438 372
1480 373
1523 374
1568 375
1612 376
1655 377
1702 378
1747 379
1791 380
1838 381
1884 382
1930 383
1980 384
2026 385
2075 386
2124 387
2174 388
2226 389
2279 390
2335 391
2392 392
2451 393
2511 394
2568 395
2629 396
2689 397
2718 398
2584 399
2594 400
2688 401
2807 402
2920 403
3002 404
3068 405
3123 406
3160 407
3220 408
3274 409
3311 410
3346 411
3399 412
3436 413
3476 414
3516 415
3558 416
3603 417
3662 418
3709 419
3758 420
3806 421
3852 422
3900 423
3948 424
3994 425
4041 426
4088 427
38 427
85 427
133 427
183 427
231 427
280 427
332 427
381 427
429 427
477 427
529 427
581 427
633 427
686 427
737 428
788 429
837 430
887 431
937 432
984 433
1033 434
1080 435
1127 436
1174 437
1224 438
1273 439
1325 440
1376 441
1428 442
1484 443
1537 444
1589 445
1641 446
1693 447
1744 448
1796 449
1848 450
1902 451
1955 452
2004 453
2053 454
2101 455
2146 456
2191 457
2237 458
2286 459
2333 460
2385 461
2439 462
2491 463
2548 464
2602 465
2652 466
2707 467
2770 468
2837 469
2898 470
2958 471
3009 472
3049 473
3077 474
3106 475
3135 476
3168 477
3199 478
3232 479
3266 480
3303 481
3340 482
3381 483
3421 484
3463 485
3510 486
3556 487
3605 488
3655 489
3704 490
3756 491
3805 492
3853 493
3905 494
3953 495
3999 496
4046 497
4094 498
44 498
89 498
134 498
183 498
230 498
276 498
323 498
372 498
426 498
478 498
528 498
576 498
623 498
671 498
719 499
766 500
817 501
865 502
912 503
960 504
1006 505
1055 506
1103 507
1148 508
1195 509
1245 510
1292 511
1340 512
1386 513
1434 514
1483 515
1532 516
1583 517
1633 518
1681 519
1732 520
1781 521
1828 522
1874 523
1918 524
1965 525
2011 526
2059 527
2106 528
2154 529
2201 530
2248 531
2298 532
2347 533
2395 534
2443 535
2492 536
2540 537
2585 538
2678 539
2742 540
2791 541
2845 542
2921 543
2998 544
3063 545
3116 546
3161 547
3197 548
3228 549
3308 550
3345 551
3384 552
3419 553
3460 554
3502 555
3540 556
3579 557
3619 558
3661 559
3714 560
3761 561
3809 562
3856 563
3903 564
3950 565
4000 566
4050 567
3 567
64 567
111 567
159 567
208 567
256 567
303 567
351 567
400 567
449 567
498 567
547 567
597 567
646 567
693 567
745 568
798 569
847 570
893 571
938 572
983 573
1029 574
1076 575
1124 576
1171 577
1221 578
1271 579
1318 580
1364 581
1410 582
1456 583
1503 584
1551 585
1600 586
1647 587
1698 588
1748 589
1798 590
1848 591
1900 592
1951 593
2003 594
2055 595
2106 596
2162 597
2216 598
2270 599
2328 600
2383 601
2442 602
2499 603
2555 604
2608 605
2659 606
2707 607
2757 608
2824 609
2886 610
2946 611
3009 612
3059 613
3093 614
3123 615
3149 616
3176 617
3209 618
3241 619
3272 620
3308 621
3346 622
3386 623
3427 624
3469 625
3514 626
3561 627
3610 628
3658 629
3706 630
3755 631
3805 632
3854 633
3901 634
3947 635
3992 636
4038 637
4083 638
31 638
76 638
120 638
168 638
216 638
266 638
316 638
365 638
411 638
458 638
505 638
553 638
602 638
652 638
700 638
748 639
797 640
846 641
893 642
940 643
986 644
1031 645
1077 646
1126 647
1175 648
1224 649
1277 650
1333 651
1388 652
1440 653
1497 654
1557 655
1615 656
1671 657
1725 658
1783 659
1838 660
1890 661
1941 662
1993 663
2042 664
2095 665
2145 666
2193 667
2243 668
2296 669
2349 670
2398 671
2448 672
2499 673
2549 674
2600 675
2644 676
2690 677
2740 678
2795 679
2853 680
2915 681
2980 682
3036 683
3077 684
3108 685
3139 686
3174 687
3207 688
3244 689
3279 690
3316 691
3352 692
3391 693
3429 694
3467 695
3510 696
3552 697
3597 698
3642 699
3689 700
3738 701
3788 702
3838 703
3888 704
3939 705
3988 706
4039 707
4088 708
39 708
86 708
132 708
181 708
227 708
275 708
325 708
375 708
422 708
471 708
522 708
570 708
617 708
663 708
708 708
753 709
799 710
846 711
890 712
937 713
984 714
1030 715
1075 716
1120 717
1164 718
1208 719
1254 720
1298 721
1344 722
1393 723
1442 724
1493 725
1548 726
1602 727
1656 728
1709 729
1765 730
1821 731
1877 732
1933 733
1989 734
2033 735
2079 736
2126 737
2174 738
2227 739
2285 740
2343 741
2401 742
2459 743
2515 744
2573 745
2626 746
2673 747
2725 748
2779 749
2836 750
2889 751
2941 752
2966 753
3013 754
3045 755
3071 756
3100 757
3133 758
3166 759
3200 760
3237 761
3276 762
3316 763
3361 764
3406 765
3451 766
3497 767
3546 768
3597 769
3648 770
3697 771
3745 772
3794 773
3842 774
3892 775
3940 776
3987 777
4032 778
4079 779
31 779
78 779
156 779
204 779
252 779
299 779
348 779
395 779
441 779
491 779
539 779
585 779
634 779
691 779
736 780
781 781
828 782
873 783
917 784
959 785
1000 786
1041 787
1082 788
1125 789
1171 790
1217 791
1266 792
1317 793
1374 794
1405 795
1450 796
1438 797
1473 798
1516 799
1567 800
1623 801
1685 802
1743 803
1804 804
1866 805
1925 806
1984 807
2042 808
2112 809
2184 810
2255 811
2331 812
2407 813
2480 814
2547 815
2615 816
2677 817
2687 818
2720 819
2765 820
2814 821
2866 822
2922 823
2975 824
3019 825
3050 826
3075 827
3103 828
3132 829
3165 830
3199 831
3236 832
3273 833
3313 834
3355 835
3397 836
3441 837
3488 838
3538 839
3586 840
3633 841
3683 842
3734 843
3784 844
3834 845
3884 846
3935 847
3984 848
4032 849
4081 850
33 850
82 850
129 850
176 850
225 850
273 850
319 850
365 850
412 850
460 850
507 850
552 850
596 850
641 850
685 850
729 851
772 852
814 853
856 854
899 855
942 856
983 857
1024 858
1066 859
1109 860
1156 861
1202 862
1251 863
1305 864
1359 865
1414 866
1453 867
1513 868
1509 869
1481 870
1520 871
1567 872
1626 873
1686 874
1747 875
1812 876
1883 877
1954 878
2019 879
2080 880
2146 881
2225 882
2337 883
2417 884
2493 885
2567 886
2637 887
2696 888
2749 889
2798 890
2844 891
2871 892
2903 893
2940 894
2980 895
3022 896
3085 897
3106 898
3132 899
3160 900
3190 901
3221 902
3253 903
3288 904
3323 905
3361 906
3457 907
3500 908
3577 909
3629 910
3680 911
3738 912
3792 913
3846 914
3898 915
3950 916
4003 917
4055 918
10 918
57 918
103 918
149 918
195 918
243 918
290 918
337 918
385 918
432 918
477 918
520 918
565 918
609 918
651 918
691 918
730 919
767 920
803 921
837 922
870 923
903 924
932 925
964 926
997 927
1027 928
1059 929
1132 930
1281 931
1331 932
1299 933
1260 934
1211 935
1147 936
1056 937
935 938
784 939
649 939
574 939
517 939
478 939
473 939
472 939
467 939
444 939
159 939
2649 940
2593 941
2601 942
2621 943
2643 944
2695 945
2740 946
2775 947
2802 948
2827 949
2855 950
2889 951
2924 952
2963 953
3000 954
3035 955
3131 956
3143 957
3162 958
3185 959
3207 960
3234 961
3264 962
3297 963
3331 964
3368 965
3410 966
3452 967
3495 968
3545 969
3595 970
3645 971
3694 972
3748 973
3800 974
3852 975
3902 976
3951 977
4003 978
4054 979
7 979
56 979
105 979
156 979
205 979
253 979
300 979
346 979
395 979
444 979
493 979
540 979
589 979
637 979
681 979
726 980
770 981
813 982
854 983
892 984
930 985
969 986
1009 987
1048 988
1086 989
1124 990
1163 991
1200 992
1242 993
1283 994
1303 995
1311 996
1391 997
1381 998
1370 999
1362 1000
1378 1001
1400 1002
1430 1003
1471 1004
1535 1005
1625 1006
1745 1007
1902 1008
2126 1009
2350 1010
2511 1011
2620 1012
2710 1013
2785 1014
2848 1015
2896 1016
2931 1017
2956 1018
2983 1019
3037 1020
3102 1021
3158 1022
3208 1023
3255 1024
3283 1025
3290 1026
3289 1027
3297 1028
3307 1029
3319 1030
3334 1031
3352 1032
3373 1033
3396 1034
3421 1035
3456 1036
3485 1037
3517 1038
3551 1039
3588 1040
3627 1041
3667 1042
3715 1043
3789 1044
3865 1045
3949 1046
4033 1047
21 1047
100 1047
183 1047
283 1047
396 1047
503 1047
599 1047
680 1047
743 1048
813 1049
880 1050
943 1051
1005 1052
1065 1053
1124 1054
1186 1055
1248 1056
1315 1057
1379 1058
1446 1059
1504 1060
1505 1061
1507 1062
1510 1063
1534 1064
1618 1065
2064 1066
2561 1067
2599 1068
2582 1069
2572 1070
2598 1071
2663 1072
2758 1073
2861 1074
2959 1075
3041 1076
3083 1077
3216 1078
3258 1079
3297 1080
3341 1081
3389 1082
3441 1083
3498 1084
3562 1085
3634 1086
3710 1087
3790 1088
3874 1089
3956 1090
4039 1091
25 1091
108 1091
190 1091
271 1091
355 1091
467 1091
549 1091
628 1091
703 1091
776 1092
849 1093
917 1094
1032 1095
1095 1096
1157 1097
1219 1098
1284 1099
1347 1100
1376 1101
1376 1102
1341 1103
1278 1104
1148 1105
856 1106
508 1106
471 1106
467 1106
447 1106
361 1106
2783 1107
2785 1108
2885 1109
2947 1110
3012 1111
3055 1112
3098 1113
3141 1114
3241 1115
3267 1116
3298 1117
3332 1118
3376 1119
3427 1120
3481 1121
3545 1122
3612 1123
3679 1124
3754 1125
3836 1126
3921 1127
4007 1128
0 1128
88 1128
173 1128
259 1128
341 1128
424 1128
505 1128
583 1128
661 1128
734 1129
809 1130
877 1131
946 1132
1013 1133
1083 1134
1150 1135
1220 1136
1296 1137
1371 1138
1449 1139
1530 1140
1590 1141
1474 1142
1353 1143
1327 1144
1458 1145
