2731 0
2731 0
2731 0
2732 1
2733 2
2734 3
2735 4
2736 5
2737 6
2740 7
2742 8
2745 9
2747 10
2749 11
2752 12
2754 13
2756 14
2759 15
2761 16
2763 17
2766 18
2769 19
2772 20
2774 21
2777 22
2781 23
2784 24
2787 25
2789 26
2792 27
2794 28
2797 29
2799 30
2785 31
2771 32
2773 33
2771 34
2775 35
2778 36
2782 37
2786 38
2789 39
2793 40
2796 41
2800 42
2804 43
2807 44
2811 45
2814 46
2818 47
2823 48
2826 49
2830 50
2834 51
2838 52
2842 53
2845 54
2848 55
2853 56
2856 57
2860 58
2864 59
2867 60
2872 61
2876 62
2880 63
2884 64
2888 65
2892 66
2896 67
2901 68
2906 69
2910 70
2914 71
2918 72
2923 73
2928 74
2934 75
2942 76
2946 77
2951 78
2956 79
2960 80
2963 81
2968 82
2971 83
2976 84
2980 85
2985 86
2988 87
2992 88
2998 89
3003 90
3007 91
3012 92
3016 93
3021 94
3026 95
3030 96
3036 97
3040 98
3046 99
3051 100
3057 101
3062 102
3069 103
3074 104
3080 105
3085 106
3092 107
3098 108
3103 109
3109 110
3115 111
3120 112
3127 113
3133 114
3138 115
3144 116
3150 117
3157 118
3164 119
3170 120
3176 121
3182 122
3188 123
3195 124
3201 125
3206 126
3213 127
3220 128
3226 129
3233 130
3240 131
3247 132
3254 133
3261 134
3268 135
3275 136
3282 137
3289 138
3295 139
3303 140
3311 141
3317 142
3324 143
3333 144
3340 145
3348 146
3356 147
3363 148
3371 149
3379 150
3387 151
3395 152
3402 153
3410 154
3418 155
3426 156
3434 157
3443 158
3451 159
3460 160
3468 161
3475 162
3483 163
3491 164
3500 165
3508 166
3516 167
3524 168
3533 169
3541 170
3556 171
3564 172
3573 173
3583 174
3592 175
3601 176
3609 177
3618 178
3627 179
3636 180
3645 181
3653 182
3663 183
3672 184
3683 185
3692 186
3701 187
3711 188
3721 189
3731 190
3740 191
3750 192
3759 193
3768 194
3778 195
3787 196
3796 197
3805 198
3815 199
3823 200
3832 201
3841 202
3848 203
3855 204
3863 205
3870 206
3877 207
3884 208
3891 209
3898 210
3904 211
3912 212
3920 213
3926 214
3933 215
3941 216
3949 217
3958 218
3966 219
3974 220
3982 221
3990 222
3999 223
4006 224
4024 225
4030 226
4037 227
4044 228
4052 229
4059 230
4065 231
4072 232
4078 233
4085 234
4092 235
3 235
10 235
17 235
24 235
32 235
39 235
46 235
53 235
60 235
67 235
75 235
82 235
89 235
96 235
103 235
111 235
118 235
125 235
133 235
140 235
148 235
156 235
163 235
172 235
179 235
186 235
193 235
199 235
206 235
213 235
219 235
226 235
234 235
241 235
248 235
255 235
262 235
269 235
275 235
282 235
288 235
295 235
302 235
309 235
315 235
322 235
330 235
336 235
343 235
350 235
357 235
363 235
370 235
377 235
382 235
389 235
395 235
401 235
408 235
415 235
422 235
428 235
434 235
441 235
448 235
454 235
461 235
467 235
473 235
480 235
487 235
493 235
499 235
507 235
513 235
520 235
528 235
534 235
540 235
546 235
553 235
558 235
564 235
570 235
575 235
581 235
587 235
593 235
598 235
604 235
610 235
616 235
623 235
628 235
634 235
640 235
645 235
652 235
657 235
663 235
669 235
676 235
682 235
688 235
694 235
700 235
706 235
711 235
717 235
723 235
727 235
733 235
739 235
744 235
750 235
756 235
761 235
765 235
770 235
776 235
781 235
786 235
792 235
797 235
802 235
808 235
813 235
818 235
825 235
831 235
837 235
842 235
846 235
852 235
858 235
864 235
870 235
875 235
880 235
887 235
899 235
914 235
919 235
924 235
931 235
939 235
945 235
952 235
958 235
967 235
975 235
983 235
991 235
1028 235
1037 235
1044 235
1051 235
1058 235
1089 235
1097 235
1104 235
1112 235
1119 235
1128 235
1136 235
1146 235
1155 235
1163 235
1171 235
1181 235
1191 235
1200 235
1210 235
1219 235
1229 235
1239 235
1249 235
1259 235
1271 235
1281 235
1293 235
1305 235
1316 235
1326 235
1329 235
1329 235
1328 235
1325 235
1322 235
1320 235
1317 235
1315 235
1311 235
1308 235
1305 235
1302 235
1300 235
1297 235
1292 235
1290 235
1287 235
1284 235
1282 235
1280 235
1280 235
1279 235
1277 235
1275 235
1271 235
1268 235
1265 235
1261 235
1257 235
1253 235
1248 235
1245 235
1243 235
1241 235
1239 235
1235 235
1233 235
1233 235
1230 235
1229 235
1227 235
1224 235
1223 235
1221 235
1220 235
1219 235
1219 235
1223 235
1232 235
1241 235
1251 235
1259 235
1266 235
1279 235
1290 235
1302 235
1317 235
1328 235
1342 235
1359 235
1377 235
1398 235
1423 235
1448 235
1477 235
1507 235
1538 235
1570 235
1604 235
1638 235
1669 235
1702 235
1736 235
1776 235
1817 235
1852 235
1892 235
1934 235
1973 235
2015 235
2052 235
2085 235
2121 235
2148 235
2176 235
2201 235
2222 235
2240 235
2258 235
2276 235
2302 235
2323 235
2339 235
2359 235
2376 235
2393 235
2432 235
2441 235
2451 235
2462 235
2474 235
2490 235
2501 235
2511 235
2524 235
2536 235
2548 235
2562 235
2572 235
2580 235
2592 235
2601 235
2609 235
2617 235
2627 235
2634 235
2641 235
2647 235
2653 235
2660 235
2665 235
2670 235
2675 235
2679 235
2685 235
2690 235
2693 235
2698 235
2701 235
2705 235
2709 235
2712 235
2716 235
2721 235
2724 235
2728 235
2732 236
2734 237
2738 238
2740 239
2743 240
2746 241
2749 242
2751 243
2754 244
2757 245
2759 246
2762 247
2764 248
2766 249
2769 250
2771 251
2743 252
2745 253
2742 254
2745 255
2748 256
2752 257
2754 258
2757 259
2761 260
2764 261
2767 262
2770 263
2772 264
2777 265
2780 266
2783 267
2786 268
2789 269
2791 270
2795 271
2798 272
2802 273
2805 274
2808 275
2811 276
2815 277
2819 278
2822 279
2826 280
2829 281
2833 282
2837 283
2841 284
2844 285
2848 286
2852 287
2857 288
2861 289
2865 290
2869 291
2873 292
2877 293
2882 294
2885 295
2889 296
2893 297
2897 298
2902 299
2906 300
2910 301
2914 302
2919 303
2923 304
2927 305
2932 306
2936 307
2941 308
2946 309
2951 310
2957 311
2962 312
2966 313
2972 314
2978 315
2983 316
2989 317
2994 318
2999 319
3004 320
3010 321
3016 322
3022 323
3027 324
3033 325
3038 326
3044 327
3050 328
3055 329
3061 330
3066 331
3072 332
3078 333
3083 334
3089 335
3095 336
3101 337
3107 338
3114 339
3120 340
3126 341
3133 342
3139 343
3147 344
3158 345
3164 346
3170 347
3176 348
3184 349
3189 350
3195 351
3202 352
3208 353
3218 354
3227 355
3235 356
3243 357
3251 358
3260 359
3267 360
3275 361
3283 362
3290 363
3298 364
3307 365
3314 366
3323 367
3331 368
3340 369
3348 370
3357 371
3365 372
3373 373
3381 374
3390 375
3398 376
3406 377
3414 378
3422 379
3430 380
3440 381
3448 382
3459 383
3467 384
3476 385
3484 386
3492 387
3501 388
3509 389
3518 390
3527 391
3536 392
3545 393
3554 394
3564 395
3573 396
3583 397
3594 398
3603 399
3613 400
3623 401
3632 402
3642 403
3651 404
3660 405
3670 406
3680 407
3691 408
3701 409
3710 410
3720 411
3729 412
3739 413
3748 414
3757 415
3765 416
3774 417
3782 418
3791 419
3800 420
3808 421
3817 422
3826 423
3834 424
3843 425
3851 426
3859 427
3866 428
3874 429
3881 430
3889 431
3896 432
3903 433
3909 434
3916 435
3925 436
3931 437
3938 438
3944 439
3951 440
3959 441
3967 442
3975 443
3982 444
3990 445
3998 446
4006 447
4013 448
4021 449
4029 450
4037 451
4045 452
4054 453
4061 454
4069 455
4077 456
4084 457
4092 458
3 458
10 458
18 458
25 458
34 458
42 458
49 458
57 458
65 458
72 458
80 458
90 458
99 458
111 458
119 458
126 458
134 458
142 458
149 458
157 458
165 458
172 458
178 458
186 458
192 458
200 458
206 458
213 458
220 458
227 458
235 458
243 458
249 458
256 458
263 458
270 458
277 458
283 458
290 458
296 458
303 458
310 458
316 458
323 458
330 458
336 458
343 458
349 458
356 458
362 458
368 458
375 458
381 458
387 458
393 458
399 458
405 458
412 458
419 458
425 458
431 458
438 458
444 458
450 458
456 458
462 458
468 458
474 458
481 458
486 458
492 458
499 458
505 458
511 458
517 458
522 458
528 458
533 458
539 458
545 458
550 458
556 458
562 458
568 458
575 458
581 458
587 458
592 458
597 458
603 458
609 458
615 458
620 458
626 458
632 458
638 458
644 458
649 458
656 458
662 458
667 458
673 458
678 458
683 458
687 458
693 458
699 458
703 458
707 458
713 458
719 458
724 458
731 458
737 458
743 458
749 458
754 458
761 458
766 458
773 458
779 458
786 458
794 458
803 458
810 458
817 458
826 458
833 458
842 458
850 458
857 458
865 458
875 458
882 458
888 458
894 458
901 458
906 458
912 458
920 458
926 458
932 458
937 458
943 458
949 458
955 458
960 458
967 458
973 458
979 458
987 458
993 458
1000 458
1007 458
1015 458
1022 458
1028 458
1036 458
1043 458
1049 458
1056 458
1063 458
1068 458
1075 458
1082 458
1089 458
1097 458
1111 458
1117 458
1122 458
1127 458
1133 458
1139 458
1165 458
1204 458
1213 458
1221 458
1238 458
1246 458
1254 458
1264 458
1274 458
1283 458
1293 458
1303 458
1312 458
1321 458
1329 458
1338 458
1346 458
1356 458
1359 458
1359 458
1359 458
1359 458
1360 458
1360 458
1360 458
1360 458
1360 458
1360 458
1359 458
1357 458
1355 458
1353 458
1350 458
1348 458
1345 458
1342 458
1340 458
1338 458
1337 458
1334 458
1332 458
1331 458
1329 458
1328 458
1327 458
1325 458
1324 458
1324 458
1322 458
1322 458
1322 458
1320 458
1320 458
1318 458
1317 458
1317 458
1314 458
1312 458
1312 458
1312 458
1315 458
1320 458
1323 458
1328 458
1333 458
1340 458
1347 458
1352 458
1359 458
1368 458
1378 458
1389 458
1401 458
1411 458
1425 458
1437 458
1452 458
1479 458
1494 458
1511 458
1523 458
1541 458
1558 458
1575 458
1594 458
1611 458
1629 458
1649 458
1671 458
1691 458
1715 458
1735 458
1759 458
1784 458
1810 458
1832 458
1856 458
1880 458
1903 458
1928 458
1951 458
1974 458
1999 458
2025 458
2058 458
2087 458
2112 458
2140 458
2165 458
2186 458
2212 458
2236 458
2257 458
2277 458
2296 458
2314 458
2332 458
2347 458
2363 458
2376 458
2388 458
2403 458
2416 458
2429 458
2442 458
2455 458
2468 458
2482 458
2494 458
2507 458
2519 458
2532 458
2547 458
2559 458
2571 458
2584 458
2594 458
2607 458
2619 458
2627 458
2636 458
2644 458
2653 458
2661 458
2668 458
2675 458
2682 458
2688 458
2695 458
2701 458
2706 458
2712 458
2717 458
2726 458
2731 458
2735 459
2740 460
2744 461
2749 462
2755 463
2760 464
2765 465
2770 466
2774 467
2779 468
2784 469
2788 470
2792 471
2796 472
2800 473
2805 474
2808 475
2812 476
2799 477
2784 478
2788 479
2779 480
2783 481
2787 482
2792 483
2796 484
2800 485
2804 486
2809 487
2813 488
2818 489
2823 490
2828 491
2832 492
2837 493
2841 494
2846 495
2850 496
2854 497
2859 498
2863 499
2867 500
2872 501
2877 502
2881 503
2886 504
2891 505
2896 506
2900 507
2905 508
2909 509
2914 510
2918 511
2924 512
2928 513
2932 514
2937 515
2942 516
2947 517
2953 518
2957 519
2962 520
2967 521
2972 522
2977 523
2981 524
2986 525
2990 526
2995 527
3000 528
3007 529
3011 530
3017 531
3023 532
3028 533
3033 534
3038 535
3043 536
3048 537
3054 538
3059 539
3064 540
3069 541
3075 542
3080 543
3086 544
3092 545
3097 546
3103 547
3109 548
3114 549
3120 550
3126 551
3132 552
3138 553
3143 554
3150 555
3158 556
3168 557
3178 558
3189 559
3198 560
3208 561
3218 562
3228 563
3239 564
3250 565
3262 566
3273 567
3284 568
3296 569
3307 570
3318 571
3331 572
3343 573
3356 574
3369 575
3381 576
3393 577
3405 578
3417 579
3429 580
3442 581
3456 582
3468 583
3481 584
3495 585
3508 586
3521 587
3535 588
3553 589
3566 590
3580 591
3594 592
3607 593
3622 594
3636 595
3650 596
3663 597
3680 598
3694 599
3709 600
3724 601
3740 602
3757 603
3774 604
3791 605
3806 606
3821 607
3835 608
3848 609
3861 610
3875 611
3889 612
3905 613
3919 614
3934 615
3949 616
3964 617
3980 618
3995 619
4010 620
4025 621
4040 622
4054 623
4068 624
4084 625
5 625
23 625
37 625
52 625
67 625
81 625
94 625
108 625
120 625
134 625
147 625
160 625
172 625
185 625
197 625
210 625
223 625
236 625
249 625
262 625
275 625
287 625
299 625
311 625
324 625
342 625
353 625
364 625
375 625
386 625
397 625
408 625
420 625
432 625
443 625
455 625
466 625
477 625
488 625
499 625
510 625
522 625
533 625
544 625
554 625
565 625
575 625
586 625
597 625
608 625
627 625
636 625
645 625
653 625
662 625
672 625
681 625
692 625
702 625
711 625
721 625
731 625
738 625
748 625
758 625
769 625
780 625
789 625
800 625
810 625
820 625
831 625
841 625
853 625
864 625
874 625
884 625
895 625
905 625
915 625
938 625
957 625
968 625
986 625
1000 625
1010 625
1025 625
1038 625
1050 625
1065 625
1082 625
