1170 0
1170 0
1170 0
1171 1
1174 2
1178 3
1182 4
1188 5
1196 6
1204 7
1213 8
1222 9
1231 10
1242 11
1252 12
1263 13
1275 14
1289 15
1302 16
1315 17
1329 18
1340 19
1340 20
1340 21
1338 22
1336 23
1334 24
1332 25
1330 26
1327 27
1325 28
1322 29
1321 30
1317 31
1315 32
1312 33
1310 34
1307 35
1302 36
1298 37
1294 38
1289 39
1283 40
1278 41
1275 42
1272 43
1266 44
1262 45
1259 46
1256 47
1252 48
1249 49
1245 50
1241 51
1237 52
1234 53
1231 54
1230 55
1230 56
1241 57
1254 58
1270 59
1284 60
1300 61
1318 62
1339 63
1357 64
1380 65
1402 66
1429 67
1457 68
1485 69
1513 70
1546 71
1577 72
1613 73
1651 74
1698 75
1781 76
1822 77
1863 78
1901 79
1948 80
1996 81
2035 82
2070 83
2105 84
2140 85
2173 86
2201 87
2227 88
2256 89
2284 90
2306 91
2333 92
2354 93
2380 94
2401 95
2422 96
2438 97
2459 98
2478 99
2494 100
2508 101
2521 102
2533 103
2547 104
2559 105
2569 106
2581 107
2591 108
2601 109
2612 110
2622 111
2631 112
2640 113
2648 114
2656 115
2663 116
2670 117
2676 118
2682 119
2688 120
2694 121
2700 122
2706 123
2712 124
2717 125
2723 126
2728 127
2733 128
2739 129
2744 130
2748 131
2752 132
2757 133
2761 134
2766 135
2740 136
2743 137
2737 138
2742 139
2747 140
2752 141
2757 142
2762 143
2768 144
2772 145
2778 146
2783 147
2788 148
2793 149
2798 150
2805 151
2810 152
2815 153
2821 154
2826 155
2832 156
2838 157
2843 158
2850 159
2855 160
2862 161
2868 162
2875 163
2882 164
2888 165
2895 166
2902 167
2908 168
2915 169
2921 170
2928 171
2935 172
2941 173
2947 174
2954 175
2960 176
2967 177
2974 178
2980 179
2988 180
2995 181
3002 182
3010 183
3018 184
3025 185
3032 186
3039 187
3050 188
3056 189
3064 190
3071 191
3079 192
3086 193
3093 194
3100 195
3108 196
3116 197
3123 198
3131 199
3140 200
3148 201
3156 202
3165 203
3173 204
3182 205
3190 206
3198 207
3208 208
3216 209
3224 210
3234 211
3243 212
3253 213
3261 214
3271 215
3280 216
3290 217
3299 218
3308 219
3317 220
3327 221
3336 222
3346 223
3355 224
3374 225
3382 226
3391 227
3400 228
3409 229
3417 230
3426 231
3436 232
3445 233
3457 234
3466 235
3476 236
3489 237
3499 238
3509 239
3518 240
3528 241
3539 242
3549 243
3560 244
3571 245
3587 246
3598 247
3608 248
3619 249
3631 250
3642 251
3652 252
3664 253
3675 254
3688 255
3699 256
3710 257
3721 258
3733 259
3744 260
3756 261
3766 262
3778 263
3789 264
3800 265
3811 266
3822 267
3833 268
3843 269
3854 270
3863 271
3873 272
3883 273
3890 274
3902 275
3914 276
3924 277
3933 278
3944 279
3954 280
3965 281
3975 282
3985 283
3996 284
4006 285
4017 286
4027 287
4038 288
4049 289
4059 290
4069 291
4079 292
4089 293
3 293
13 293
24 293
35 293
44 293
54 293
64 293
74 293
84 293
93 293
104 293
113 293
122 293
133 293
142 293
151 293
161 293
170 293
179 293
189 293
198 293
208 293
217 293
228 293
238 293
247 293
256 293
265 293
275 293
284 293
293 293
303 293
312 293
321 293
331 293
340 293
349 293
359 293
367 293
377 293
386 293
395 293
404 293
413 293
423 293
432 293
439 293
448 293
457 293
466 293
474 293
483 293
492 293
501 293
511 293
519 293
529 293
538 293
546 293
555 293
564 293
572 293
581 293
590 293
598 293
608 293
616 293
624 293
633 293
641 293
649 293
661 293
669 293
677 293
685 293
693 293
701 293
709 293
717 293
725 293
734 293
742 293
750 293
763 293
778 293
788 293
797 293
807 293
816 293
824 293
833 293
841 293
850 293
861 293
870 293
878 293
887 293
897 293
907 293
915 293
928 293
936 293
946 293
955 293
962 293
970 293
977 293
985 293
994 293
1002 293
1010 293
1018 293
1027 293
1036 293
1044 293
1052 293
1060 293
1069 293
1078 293
1086 293
1095 293
1105 293
1117 293
1127 293
1137 293
1137 293
1144 293
1152 293
1159 293
1166 293
1202 294
1249 295
1258 296
1271 297
1282 298
1295 299
1307 300
1319 301
1332 302
1345 303
1359 304
1365 305
1365 306
1365 307
1361 308
1357 309
1356 310
1353 311
1351 312
1348 313
1346 314
1344 315
1343 316
1341 317
1340 318
1337 319
1336 320
1333 321
1332 322
1329 323
1325 324
1323 325
1322 326
1319 327
1316 328
1313 329
1312 330
1310 331
1308 332
1308 333
1312 334
1320 335
1327 336
1337 337
1347 338
1359 339
1368 340
1380 341
1394 342
1410 343
1423 344
1440 345
1459 346
1479 347
1501 348
1522 349
1546 350
1572 351
1597 352
1635 353
1660 354
1687 355
1713 356
1743 357
1772 358
1801 359
1831 360
1859 361
1889 362
1918 363
1947 364
1979 365
2009 366
2044 367
2086 368
2117 369
2150 370
2179 371
2213 372
2244 373
2272 374
2296 375
2321 376
2344 377
2368 378
2387 379
2411 380
2432 381
2454 382
2475 383
2490 384
2517 385
2531 386
2541 387
2554 388
2567 389
2580 390
2593 391
2602 392
2614 393
2625 394
2635 395
2645 396
2654 397
2664 398
2674 399
2683 400
2692 401
2700 402
2707 403
2716 404
2723 405
2730 406
2737 407
2744 408
2750 409
2757 410
2763 411
2769 412
2774 413
2780 414
2785 415
2790 416
2795 417
2800 418
2770 419
2775 420
2769 421
2774 422
2780 423
2786 424
2792 425
2798 426
2803 427
2809 428
2815 429
2822 430
2828 431
2833 432
2839 433
2845 434
2850 435
2856 436
2862 437
2868 438
2874 439
2880 440
2886 441
2892 442
2898 443
2903 444
2909 445
2915 446
2921 447
2926 448
2932 449
2939 450
2946 451
2953 452
2959 453
2966 454
2973 455
2979 456
2986 457
2993 458
3001 459
3007 460
3014 461
3022 462
3029 463
3036 464
3043 465
3050 466
3057 467
3064 468
3071 469
3078 470
3086 471
3094 472
3101 473
3108 474
3116 475
3123 476
3131 477
3138 478
3147 479
3155 480
3163 481
3171 482
3179 483
3187 484
3196 485
3203 486
3211 487
3220 488
3227 489
3235 490
3243 491
3252 492
3261 493
3270 494
3279 495
3289 496
3298 497
3307 498
3316 499
3325 500
3339 501
3349 502
3358 503
3368 504
3378 505
3387 506
3397 507
3407 508
3416 509
3427 510
3437 511
3447 512
3458 513
3468 514
3479 515
3489 516
3499 517
3510 518
3520 519
3531 520
3542 521
3553 522
3565 523
3575 524
3587 525
3598 526
3609 527
3621 528
3632 529
3643 530
3655 531
3665 532
3678 533
3696 534
3706 535
3717 536
3729 537
3741 538
3751 539
3763 540
3773 541
3784 542
3795 543
3805 544
3815 545
3826 546
3836 547
3845 548
3853 549
3863 550
3873 551
3882 552
3893 553
3904 554
3915 555
3925 556
3936 557
3946 558
3957 559
3968 560
3977 561
3988 562
3998 563
4008 564
4020 565
4030 566
4040 567
4050 568
4061 569
4072 570
4081 571
4092 572
6 572
16 572
28 572
39 572
48 572
58 572
69 572
80 572
90 572
99 572
110 572
119 572
130 572
141 572
151 572
161 572
171 572
181 572
190 572
199 572
209 572
218 572
227 572
238 572
247 572
257 572
267 572
276 572
285 572
294 572
304 572
313 572
322 572
332 572
342 572
351 572
360 572
369 572
379 572
388 572
396 572
405 572
414 572
424 572
433 572
441 572
451 572
460 572
468 572
477 572
485 572
494 572
502 572
511 572
520 572
529 572
537 572
546 572
555 572
564 572
572 572
581 572
589 572
597 572
607 572
616 572
623 572
631 572
639 572
648 572
655 572
664 572
672 572
679 572
689 572
697 572
705 572
713 572
720 572
728 572
736 572
742 572
750 572
758 572
767 572
775 572
784 572
790 572
799 572
807 572
815 572
822 572
831 572
838 572
846 572
854 572
862 572
869 572
876 572
884 572
893 572
900 572
908 572
916 572
924 572
933 572
946 572
953 572
962 572
970 572
979 572
986 572
995 572
1005 572
1013 572
1022 572
1032 572
1040 572
1049 572
1057 572
1067 572
1078 572
1086 572
1096 572
1105 572
1116 572
1126 572
1135 572
1134 572
1142 572
1149 572
1157 572
1223 573
1238 574
1249 575
1269 576
1283 577
1303 578
1322 579
1339 580
1351 581
1361 582
1361 583
1359 584
1357 585
1356 586
1354 587
1352 588
1350 589
1348 590
1346 591
1344 592
1341 593
1338 594
1336 595
1334 596
1331 597
1328 598
1326 599
1324 600
1322 601
1320 602
1318 603
1316 604
1312 605
1308 606
1305 607
1305 608
1302 609
1301 610
1301 611
1308 612
1316 613
1324 614
1334 615
1345 616
1356 617
1366 618
1378 619
1394 620
1408 621
1421 622
1438 623
1456 624
1479 625
1502 626
1526 627
1547 628
1571 629
1597 630
1624 631
1652 632
1685 633
1715 634
1747 635
1784 636
1830 637
1879 638
1933 639
1980 640
2018 641
2059 642
2107 643
2152 644
2182 645
2214 646
2243 647
2274 648
2299 649
2321 650
2343 651
2366 652
2390 653
2413 654
2435 655
2455 656
2475 657
2494 658
2510 659
2528 660
2544 661
2560 662
2573 663
2587 664
2604 665
2615 666
2634 667
2647 668
2659 669
2668 670
2679 671
2689 672
2699 673
2707 674
2715 675
2722 676
2729 677
2736 678
2743 679
2749 680
2756 681
2761 682
2767 683
2773 684
2778 685
2783 686
2789 687
2793 688
2753 689
2758 690
2764 691
2770 692
2778 693
2783 694
2788 695
2793 696
2798 697
2802 698
2807 699
2813 700
2820 701
2824 702
2828 703
2833 704
2838 705
2843 706
2848 707
2853 708
2858 709
2863 710
2869 711
2874 712
2880 713
2886 714
2891 715
2896 716
2902 717
2908 718
2914 719
2920 720
2927 721
2934 722
2941 723
2947 724
2953 725
2961 726
2967 727
2973 728
2980 729
2987 730
2994 731
3000 732
3007 733
3014 734
3021 735
3027 736
3034 737
3042 738
3050 739
3057 740
3065 741
3072 742
3081 743
3089 744
3096 745
3104 746
3113 747
3121 748
3129 749
3138 750
3148 751
3156 752
3168 753
3176 754
3184 755
3192 756
3201 757
3209 758
3217 759
3225 760
3233 761
3242 762
3250 763
3260 764
3268 765
3278 766
3287 767
3296 768
3306 769
3315 770
3324 771
3333 772
3343 773
3354 774
3364 775
3374 776
3383 777
3393 778
3403 779
3413 780
3423 781
3439 782
3455 783
3470 784
3483 785
3497 786
3511 787
3523 788
3536 789
3549 790
3563 791
3576 792
3589 793
3602 794
3613 795
3625 796
3637 797
3649 798
3660 799
3672 800
3685 801
3697 802
3710 803
3722 804
3734 805
3745 806
3756 807
3768 808
3789 809
3799 810
3809 811
3821 812
3831 813
3840 814
3850 815
3860 816
3871 817
3883 818
3896 819
3909 820
3921 821
3932 822
3943 823
3955 824
3966 825
3977 826
3989 827
3999 828
4011 829
4022 830
4035 831
4047 832
4058 833
4070 834
4081 835
4092 836
7 836
18 836
40 836
49 836
56 836
64 836
73 836
81 836
90 836
99 836
109 836
118 836
128 836
138 836
147 836
158 836
169 836
180 836
190 836
201 836
211 836
221 836
233 836
243 836
252 836
262 836
272 836
282 836
291 836
301 836
310 836
320 836
331 836
340 836
349 836
357 836
366 836
376 836
385 836
393 836
402 836
412 836
421 836
431 836
440 836
449 836
458 836
467 836
476 836
485 836
494 836
502 836
511 836
521 836
530 836
539 836
547 836
555 836
564 836
572 836
580 836
589 836
597 836
606 836
614 836
622 836
629 836
638 836
645 836
654 836
662 836
671 836
679 836
687 836
696 836
704 836
713 836
721 836
728 836
737 836
744 836
752 836
760 836
769 836
778 836
786 836
793 836
802 836
809 836
817 836
824 836
837 836
848 836
861 836
873 836
885 836
899 836
911 836
924 836
939 836
952 836
966 836
980 836
994 836
1008 836
1022 836
1037 836
1051 836
1066 836
1081 836
1094 836
1109 836
1123 836
1136 836
1201 837
1220 838
1240 839
1261 840
1283 841
1306 842
1327 843
1349 844
1360 845
1360 846
1357 847
1353 848
1349 849
1345 850
1341 851
1334 852
1331 853
1327 854
1321 855
1306 856
1305 857
1297 858
1287 859
1285 860
1294 861
1312 862
1337 863
1359 864
1383 865
1416 866
1449 867
1496 868
1545 869
1590 870
1634 871
1683 872
1735 873
1794 874
1851 875
1920 876
1988 877
2052 878
2112 879
2174 880
2221 881
2263 882
2304 883
2339 884
2375 885
2413 886
2445 887
2476 888
2497 889
2542 890
2577 891
2598 892
2621 893
2640 894
2656 895
2672 896
2686 897
2699 898
2712 899
2724 900
2736 901
2747 902
2757 903
2767 904
2776 905
2781 906
2761 907
2757 908
2767 909
2776 910
2785 911
2793 912
2802 913
2812 914
2821 915
2831 916
2840 917
2849 918
2860 919
2869 920
2879 921
2890 922
2900 923
2911 924
2922 925
2938 926
2948 927
2960 928
2970 929
2981 930
2993 931
3004 932
3016 933
3028 934
3039 935
3051 936
3063 937
3075 938
3088 939
3101 940
3132 941
3156 942
3177 943
3202 944
3222 945
3239 946
3260 947
3279 948
3297 949
3316 950
3334 951
3352 952
3371 953
3389 954
3407 955
3424 956
3442 957
3462 958
3479 959
3498 960
3517 961
3535 962
3563 963
3580 964
3599 965
3616 966
3635 967
3653 968
3672 969
3692 970
3710 971
3729 972
3747 973
3766 974
3783 975
3802 976
3820 977
3837 978
3855 979
3873 980
3891 981
3912 982
3929 983
