3996 0
3996 0
3999 1
4003 2
4009 3
4016 4
4023 5
4031 6
4041 7
4050 8
4060 9
4070 10
4080 11
4090 12
6 12
17 12
30 12
41 12
53 12
65 12
77 12
88 12
101 12
113 12
125 12
138 12
149 12
161 12
173 12
191 12
201 12
212 12
223 12
236 12
247 12
257 12
269 12
281 12
292 12
303 12
314 12
327 12
339 12
350 12
361 12
373 12
385 12
396 12
408 12
420 12
432 12
443 12
454 12
465 12
477 12
488 12
500 12
511 12
523 12
535 12
545 12
555 12
567 12
577 12
587 12
598 12
609 12
620 12
630 12
640 12
651 12
661 12
671 12
682 12
692 12
712 12
720 12
728 12
738 12
746 12
754 12
763 12
774 12
785 12
796 12
804 12
814 12
828 12
841 12
851 12
862 12
875 12
887 12
898 12
906 12
917 12
928 12
939 12
952 12
963 12
973 12
984 12
995 12
1006 12
1018 12
1029 12
1041 12
1053 12
1063 12
1073 12
1085 12
1096 12
1107 12
1120 12
1132 12
1144 12
1155 12
1168 12
1155 12
1164 12
1173 12
1182 12
1261 12
1276 12
1289 12
1305 12
1319 12
1336 12
1351 12
1366 12
1369 12
1369 12
1367 12
1364 12
1363 12
1359 12
1357 12
1354 12
1352 12
1349 12
1346 12
1343 12
1341 12
1337 12
1335 12
1332 12
1329 12
1327 12
1326 12
1318 12
1314 12
1319 12
1331 12
1343 12
1352 12
1367 12
1383 12
1400 12
1419 12
1443 12
1464 12
1484 12
1510 12
1540 12
1569 12
1595 12
1626 12
1659 12
1693 12
1728 12
1764 12
1802 12
1836 12
1873 12
1910 12
1947 12
1987 12
2029 12
2067 12
2106 12
2138 12
2175 12
2206 12
2239 12
2268 12
2296 12
2322 12
2347 12
2375 12
2401 12
2426 12
2451 12
2472 12
2491 12
2511 12
2529 12
2546 12
2563 12
2580 12
2595 12
2610 12
2624 12
2637 12
2649 12
2661 12
2672 12
2683 12
2692 12
2702 12
2711 12
2719 12
2728 12
2735 12
2743 12
2751 12
2758 12
2766 12
2773 12
2780 12
2742 12
2748 12
2756 12
2763 12
2771 12
2778 12
2788 12
2794 12
2800 12
2808 12
2814 12
2821 12
2827 12
2835 12
2841 12
2848 12
2855 12
2863 12
2870 12
2876 12
2884 12
2892 12
2898 12
2906 12
2914 12
2921 12
2929 12
2937 12
2946 12
2954 12
2962 12
2971 12
2980 12
2988 12
2997 12
3006 12
3014 12
3024 12
3033 12
3042 12
3052 12
3062 12
3070 12
3080 12
3089 12
3099 12
3108 12
3117 12
3126 12
3135 12
3145 12
3154 12
3164 12
3174 12
3183 12
3194 12
3204 12
3214 12
3225 12
3235 12
3246 12
3257 12
3269 12
3280 12
3292 12
3303 12
3314 12
3325 12
3337 12
3348 12
3360 12
3372 12
3384 12
3396 12
3408 12
3420 12
3433 12
3444 12
3457 12
3469 12
3480 12
3493 12
3505 12
3518 12
3530 12
3544 12
3556 12
3571 12
3584 12
3598 12
3611 12
3625 12
3637 12
3651 12
3665 12
3679 12
3692 12
3705 12
3719 12
3733 12
3746 12
3760 12
3773 12
3787 12
3801 12
3814 12
3828 12
3842 12
3855 12
3867 12
3880 12
3893 12
3908 12
3920 12
3934 12
3947 12
3960 12
3973 12
3986 12
3999 13
4013 14
4026 15
4039 16
4052 17
4064 18
4077 19
4089 20
7 20
19 20
34 20
46 20
58 20
71 20
84 20
96 20
109 20
128 20
140 20
153 20
165 20
176 20
188 20
200 20
212 20
223 20
237 20
249 20
260 20
272 20
284 20
295 20
307 20
318 20
330 20
343 20
354 20
364 20
376 20
387 20
398 20
411 20
427 20
441 20
453 20
467 20
480 20
493 20
504 20
515 20
528 20
539 20
549 20
561 20
573 20
584 20
594 20
605 20
617 20
628 20
638 20
648 20
659 20
670 20
681 20
692 20
704 20
715 20
725 20
734 20
744 20
753 20
763 20
773 20
785 20
796 20
805 20
815 20
825 20
835 20
846 20
855 20
866 20
877 20
887 20
896 20
906 20
916 20
926 20
936 20
947 20
958 20
969 20
979 20
989 20
1000 20
1011 20
1022 20
1032 20
1044 20
1055 20
1065 20
1076 20
1087 20
1099 20
1109 20
1121 20
1133 20
1146 20
1157 20
1169 20
1181 20
1193 20
1206 20
1182 20
1194 20
1205 20
1218 20
1294 20
1308 20
1324 20
1338 20
1353 20
1368 20
1377 20
1377 20
1376 20
1374 20
1372 20
1370 20
1369 20
1367 20
1364 20
1362 20
1360 20
1358 20
1355 20
1352 20
1351 20
1349 20
1347 20
1346 20
1348 20
1357 20
1363 20
1372 20
1382 20
1392 20
1403 20
1416 20
1429 20
1441 20
1457 20
1475 20
1492 20
1511 20
1531 20
1557 20
1583 20
1607 20
1630 20
1659 20
1688 20
1719 20
1750 20
1784 20
1824 20
1861 20
1895 20
1932 20
1964 20
2000 20
2040 20
2083 20
2119 20
2156 20
2191 20
2225 20
2285 20
2308 20
2330 20
2350 20
2375 20
2399 20
2420 20
2441 20
2462 20
2483 20
2504 20
2524 20
2542 20
2560 20
2576 20
2591 20
2606 20
2620 20
2632 20
2643 20
2655 20
2666 20
2678 20
2688 20
2700 20
2710 20
2720 20
2732 20
2743 20
2755 20
2765 20
2775 20
2785 20
2793 20
2802 20
2810 20
2819 20
2828 20
2836 20
2843 20
2850 20
2822 20
2828 20
2826 20
2834 20
2843 20
2855 20
2863 20
2871 20
2879 20
2886 20
2893 20
2901 20
2909 20
2917 20
2925 20
2933 20
2942 20
2950 20
2958 20
2966 20
2975 20
2983 20
2990 20
2998 20
3005 20
3012 20
3021 20
3028 20
3036 20
3045 20
3053 20
3062 20
3069 20
3078 20
3086 20
3095 20
3102 20
3112 20
3120 20
3128 20
3136 20
3145 20
3154 20
3163 20
3172 20
3181 20
3191 20
3202 20
3211 20
3221 20
3232 20
3242 20
3253 20
3264 20
3275 20
3286 20
3297 20
3309 20
3320 20
3332 20
3343 20
3354 20
3368 20
3380 20
3391 20
3403 20
3414 20
3426 20
3438 20
3449 20
3462 20
3474 20
3486 20
3498 20
3511 20
3524 20
3536 20
3550 20
3562 20
3576 20
3590 20
3603 20
3617 20
3631 20
3644 20
3658 20
3672 20
3688 20
3702 20
3715 20
3729 20
3743 20
3756 20
3770 20
3782 20
3797 20
3810 20
3823 20
3836 20
3849 20
3862 20
3874 20
3887 20
3900 20
3915 20
3928 20
3940 20
3954 20
3967 20
3991 20
4013 21
4033 22
4053 23
4069 24
4086 25
7 25
24 25
44 25
63 25
78 25
93 25
108 25
124 25
139 25
155 25
167 25
181 25
194 25
206 25
219 25
232 25
246 25
258 25
269 25
281 25
293 25
305 25
317 25
329 25
341 25
353 25
364 25
376 25
388 25
399 25
410 25
422 25
435 25
446 25
456 25
468 25
479 25
489 25
501 25
512 25
523 25
534 25
545 25
555 25
567 25
578 25
588 25
599 25
611 25
622 25
632 25
643 25
653 25
663 25
674 25
684 25
695 25
707 25
718 25
727 25
737 25
748 25
757 25
768 25
778 25
789 25
799 25
808 25
818 25
827 25
835 25
845 25
854 25
863 25
872 25
881 25
890 25
900 25
911 25
920 25
929 25
939 25
950 25
960 25
970 25
980 25
991 25
1002 25
1014 25
1026 25
1039 25
1051 25
1062 25
1071 25
1083 25
1097 25
1106 25
1156 25
1174 25
1190 25
1211 25
1235 25
1258 25
1279 25
1301 25
1324 25
1341 25
1341 25
1341 25
1341 25
1340 25
1338 25
1337 25
1335 25
1334 25
1332 25
1331 25
1329 25
1329 25
1327 25
1326 25
1324 25
1323 25
1322 25
1321 25
1320 25
1318 25
1318 25
1317 25
1323 25
1336 25
1350 25
1361 25
1376 25
1393 25
1410 25
1428 25
1451 25
1472 25
1493 25
1515 25
1539 25
1563 25
1587 25
1612 25
1637 25
1663 25
1686 25
1712 25
1738 25
1763 25
1791 25
1817 25
1846 25
1875 25
1902 25
1931 25
1966 25
2003 25
2041 25
2073 25
2105 25
2140 25
2166 25
2196 25
2219 25
2245 25
2268 25
2289 25
2311 25
2334 25
2353 25
2373 25
2391 25
2411 25
2427 25
2444 25
2460 25
2477 25
2493 25
2508 25
2524 25
2538 25
2553 25
2566 25
2579 25
2592 25
2606 25
2618 25
2629 25
2638 25
2648 25
2658 25
2667 25
2677 25
2687 25
2695 25
2673 25
2679 25
2685 25
2693 25
2700 25
2708 25
2716 25
2724 25
2732 25
2739 25
2747 25
2755 25
2763 25
2771 25
2778 25
2786 25
2794 25
2802 25
2810 25
2818 25
2827 25
2835 25
2842 25
2852 25
2860 25
2869 25
2876 25
2884 25
2892 25
2899 25
2906 25
2915 25
2923 25
2931 25
2939 25
2947 25
2955 25
2964 25
2974 25
2983 25
2993 25
3002 25
3012 25
3022 25
3033 25
3043 25
3054 25
3065 25
3077 25
3087 25
3103 25
3113 25
3124 25
3134 25
3145 25
3155 25
3167 25
3178 25
3189 25
3200 25
3212 25
3224 25
3236 25
3248 25
3261 25
3274 25
3286 25
3299 25
3311 25
3323 25
3335 25
3347 25
3359 25
3373 25
3386 25
3398 25
3411 25
3425 25
3437 25
3449 25
3462 25
3474 25
3487 25
3499 25
3511 25
3524 25
3538 25
3550 25
3576 25
3587 25
3599 25
3611 25
3623 25
3635 25
3649 25
3661 25
3674 25
3688 25
3704 25
3721 25
3739 25
3755 25
3771 25
3786 25
3801 25
3817 25
3832 25
3847 25
3861 25
3877 25
3891 25
3902 25
3916 25
3931 25
3945 25
3958 25
3971 25
3984 25
3997 26
4010 27
4022 28
4035 29
4048 30
4061 31
4073 32
4085 33
1 33
13 33
25 33
37 33
49 33
61 33
73 33
85 33
97 33
108 33
120 33
130 33
150 33
161 33
170 33
181 33
192 33
202 33
213 33
224 33
236 33
247 33
256 33
267 33
278 33
288 33
299 33
309 33
319 33
330 33
341 33
351 33
361 33
372 33
382 33
392 33
404 33
415 33
425 33
434 33
444 33
454 33
465 33
475 33
485 33
496 33
505 33
516 33
527 33
538 33
548 33
558 33
567 33
578 33
588 33
597 33
607 33
617 33
627 33
639 33
648 33
659 33
670 33
680 33
690 33
700 33
711 33
720 33
730 33
740 33
751 33
761 33
770 33
780 33
790 33
800 33
810 33
819 33
830 33
840 33
850 33
859 33
870 33
881 33
891 33
921 33
933 33
978 33
989 33
1002 33
1013 33
1027 33
1043 33
1059 33
1076 33
1096 33
1114 33
1132 33
1150 33
1172 33
1191 33
1224 33
1248 33
1270 33
1293 33
1309 33
1309 33
1307 33
1306 33
1304 33
1300 33
1289 33
1287 33
1287 33
1286 33
1283 33
1279 33
1279 33
1279 33
1278 33
1277 33
1275 33
1274 33
1271 33
1271 33
1267 33
1261 33
1257 33
1255 33
1249 33
1241 33
1235 33
1235 33
1233 33
1229 33
1227 33
1226 33
1228 33
1242 33
1259 33
1282 33
1307 33
1335 33
1362 33
1396 33
1430 33
1461 33
1494 33
1532 33
1568 33
1603 33
1642 33
1694 33
1743 33
1794 33
1835 33
1888 33
1935 33
1974 33
2017 33
2060 33
2096 33
2122 33
2149 33
2179 33
2203 33
2228 33
2251 33
2273 33
2298 33
2315 33
2335 33
2352 33
2371 33
2386 33
2400 33
2414 33
2429 33
2440 33
2453 33
2464 33
2477 33
2487 33
2498 33
2508 33
2519 33
2529 33
2538 33
2548 33
2557 33
2566 33
2574 33
2581 33
2588 33
2596 33
2604 33
2600 33
2605 33
2609 33
2615 33
2621 33
2627 33
2634 33
2640 33
2647 33
2653 33
2660 33
2667 33
2674 33
2680 33
2688 33
2695 33
2702 33
2709 33
2716 33
2724 33
2731 33
2739 33
2752 33
2770 33
2784 33
2800 33
2818 33
2832 33
2848 33
2864 33
2880 33
2898 33
2914 33
2930 33
2948 33
2965 33
2983 33
3001 33
3020 33
3037 33
3057 33
3084 33
3102 33
3121 33
3139 33
3161 33
3181 33
3202 33
3222 33
3243 33
3265 33
3290 33
3310 33
3329 33
3350 33
3373 33
3394 33
3416 33
3439 33
3473 33
3494 33
3516 33
3539 33
3561 33
3585 33
3610 33
3635 33
3659 33
3682 33
3705 33
3729 33
3750 33
3773 33
3795 33
3818 33
3841 33
3864 33
3886 33
3907 33
3926 33
3949 33
3969 33
3990 33
4010 34
4031 35
4053 36
4073 37
4094 38
18 38
38 38
60 38
78 38
98 38
118 38
137 38
158 38
176 38
196 38
213 38
228 38
246 38
263 38
281 38
298 38
314 38
333 38
350 38
365 38
382 38
399 38
416 38
433 38
449 38
466 38
483 38
501 38
516 38
533 38
548 38
561 38
579 38
592 38
608 38
622 38
636 38
652 38
667 38
681 38
696 38
711 38
729 38
746 38
761 38
779 38
800 38
817 38
893 38
960 38
982 38
1016 38
1048 38
1084 38
1123 38
1168 38
1211 38
1261 38
1280 38
1278 38
1273 38
1269 38
1265 38
1263 38
1253 38
1253 38
1256 38
1250 38
1249 38
1245 38
1242 38
1238 38
1235 38
1232 38
1231 38
1229 38
1227 38
1223 38
1226 38
1257 38
1298 38
1348 38
1400 38
1478 38
1571 38
1668 38
1748 38
1852 38
1937 38
2003 38
2066 38
2120 38
2165 38
