2176 0
2173 0
2170 0
2173 0
2182 1
2191 2
2202 3
2217 4
2233 5
2250 6
2268 7
2287 8
2303 9
2323 10
2344 11
2362 12
2389 13
2416 14
2444 15
2463 16
2484 17
2507 18
2527 19
2546 20
2565 21
2584 22
2600 23
2615 24
2631 25
2644 26
2658 27
2672 28
2675 29
2666 30
2670 31
2680 32
2690 33
2700 34
2711 35
2722 36
2732 37
2742 38
2753 39
2763 40
2773 41
2782 42
2792 43
2802 44
2812 45
2823 46
2833 47
2844 48
2854 49
2865 50
2875 51
2885 52
2896 53
2906 54
2916 55
2927 56
2939 57
2949 58
2960 59
2971 60
2982 61
2994 62
3004 63
3018 64
3029 65
3040 66
3053 67
3065 68
3077 69
3103 70
3115 71
3128 72
3141 73
3153 74
3167 75
3180 76
3194 77
3207 78
3219 79
3233 80
3246 81
3257 82
3269 83
3283 84
3295 85
3308 86
3322 87
3336 88
3349 89
3364 90
3378 91
3394 92
3407 93
3420 94
3434 95
3449 96
3464 97
3479 98
3494 99
3517 100
3531 101
3546 102
3560 103
3574 104
3590 105
3604 106
3619 107
3634 108
3650 109
3665 110
3680 111
3697 112
3713 113
3727 114
3743 115
3759 116
3775 117
3791 118
3808 119
3825 120
3840 121
3854 122
3871 123
3885 124
3900 125
3917 126
3933 127
3947 128
3963 129
3980 130
3993 131
4007 132
4023 133
4037 134
4052 135
4066 136
4081 137
4095 138
13 138
29 138
44 138
58 138
73 138
87 138
101 138
116 138
131 138
146 138
160 138
174 138
189 138
203 138
217 138
232 138
248 138
261 138
275 138
290 138
304 138
318 138
331 138
345 138
359 138
371 138
386 138
400 138
412 138
426 138
441 138
455 138
467 138
481 138
494 138
508 138
521 138
536 138
549 138
562 138
576 138
589 138
602 138
615 138
628 138
641 138
654 138
666 138
679 138
692 138
704 138
718 138
731 138
743 138
755 138
767 138
779 138
792 138
807 138
819 138
832 138
845 138
857 138
871 138
884 138
897 138
910 138
924 138
938 138
950 138
962 138
974 138
989 138
1002 138
1015 138
1026 138
1039 138
1053 138
1065 138
1080 138
1101 138
1117 138
1140 138
1157 138
1174 138
1191 138
1206 138
1221 138
1238 138
1255 138
1271 138
1290 138
1273 138
1289 138
1306 138
1324 138
1342 138
1353 138
1397 138
1397 138
1396 138
1394 138
1392 138
1391 138
1389 138
1387 138
1384 138
1383 138
1381 138
1382 138
1387 138
1395 138
1406 138
1418 138
1429 138
1442 138
1459 138
1477 138
1497 138
1518 138
1538 138
1556 138
1577 138
1597 138
1618 138
1642 138
1667 138
1690 138
1713 138
1737 138
1764 138
1792 138
1821 138
1854 138
1883 138
1909 138
1939 138
1968 138
1997 138
2028 138
2061 138
2085 138
2105 138
2130 138
2153 138
2177 139
2199 140
2222 141
2247 142
2272 143
2300 144
2324 145
2346 146
2369 147
2392 148
2413 149
2436 150
2462 151
2484 152
2507 153
2528 154
2549 155
2569 156
2590 157
2609 158
2626 159
2644 160
2660 161
2677 162
2701 163
2715 164
2728 165
2716 166
2727 167
2714 168
2725 169
2736 170
2746 171
2758 172
2768 173
2778 174
2790 175
2801 176
2809 177
2820 178
2828 179
2838 180
2848 181
2858 182
2869 183
2878 184
2889 185
2899 186
2910 187
2921 188
2933 189
2944 190
2953 191
2964 192
2975 193
2984 194
2995 195
3005 196
3015 197
3024 198
3034 199
3045 200
3055 201
3066 202
3077 203
3089 204
3100 205
3113 206
3125 207
3139 208
3153 209
3166 210
3181 211
3195 212
3209 213
3225 214
3238 215
3254 216
3269 217
3285 218
3300 219
3316 220
3332 221
3347 222
3362 223
3377 224
3393 225
3409 226
3423 227
3439 228
3454 229
3472 230
3487 231
3502 232
3515 233
3530 234
3546 235
3560 236
3575 237
3590 238
3606 239
3621 240
3637 241
3652 242
3668 243
3683 244
3698 245
3714 246
3730 247
3745 248
3760 249
3775 250
3791 251
3811 252
3827 253
3841 254
3855 255
3871 256
3886 257
3900 258
3914 259
3930 260
3946 261
3959 262
3974 263
3989 264
4003 265
4018 266
4033 267
4047 268
4062 269
4076 270
4091 271
9 271
23 271
37 271
52 271
65 271
79 271
94 271
108 271
122 271
136 271
151 271
164 271
175 271
189 271
202 271
215 271
229 271
244 271
256 271
270 271
283 271
296 271
310 271
323 271
337 271
351 271
364 271
378 271
391 271
404 271
418 271
433 271
446 271
458 271
472 271
485 271
498 271
512 271
527 271
541 271
553 271
565 271
578 271
591 271
603 271
616 271
628 271
642 271
654 271
667 271
680 271
692 271
706 271
719 271
730 271
742 271
754 271
766 271
779 271
793 271
807 271
819 271
831 271
844 271
858 271
872 271
887 271
902 271
915 271
934 271
946 271
959 271
973 271
986 271
1000 271
1014 271
1028 271
1042 271
1056 271
1070 271
1087 271
1102 271
1116 271
1130 271
1143 271
1158 271
1174 271
1174 271
1187 271
1202 271
1216 271
1231 271
1217 271
1383 271
1383 271
1383 271
1384 271
1384 271
1382 271
1382 271
1382 271
1382 271
1380 271
1378 271
1377 271
1376 271
1374 271
1372 271
1371 271
1370 271
1368 271
1366 271
1364 271
1362 271
1361 271
1359 271
1356 271
1354 271
1353 271
1357 271
1371 271
1387 271
1407 271
1428 271
1447 271
1468 271
1494 271
1533 271
1560 271
1589 271
1621 271
1650 271
1681 271
1712 271
1746 271
1778 271
1816 271
1849 271
1883 271
1918 271
1951 271
1981 271
2013 271
2047 271
2075 271
2103 271
2132 271
2157 271
2181 272
2203 273
2227 274
2247 275
2265 276
2284 277
2307 278
2332 279
2353 280
2377 281
2395 282
2413 283
2436 284
2457 285
2478 286
2498 287
2519 288
2537 289
2557 290
2575 291
2593 292
2609 293
2616 294
2623 295
2624 296
2633 297
2644 298
2655 299
2666 300
2677 301
2689 302
2700 303
2711 304
2722 305
2733 306
2743 307
2754 308
2766 309
2777 310
2788 311
2797 312
2808 313
2819 314
2829 315
2840 316
2852 317
2862 318
2873 319
2885 320
2895 321
2907 322
2918 323
2931 324
2941 325
2953 326
2965 327
2977 328
2990 329
3002 330
3015 331
3028 332
3040 333
3053 334
3065 335
3078 336
3092 337
3105 338
3117 339
3131 340
3143 341
3155 342
3169 343
3182 344
3195 345
3208 346
3220 347
3234 348
3247 349
3261 350
3274 351
3289 352
3302 353
3317 354
3332 355
3346 356
3360 357
3374 358
3390 359
3404 360
3419 361
3435 362
3450 363
3464 364
3480 365
3497 366
3524 367
3537 368
3557 369
3570 370
3584 371
3598 372
3612 373
3628 374
3645 375
3664 376
3680 377
3696 378
3715 379
3731 380
3748 381
3764 382
3780 383
3795 384
3812 385
3829 386
3844 387
3859 388
3875 389
3890 390
3905 391
3921 392
3937 393
3952 394
3967 395
3982 396
3997 397
4020 398
4035 399
4050 400
4063 401
4078 402
4093 403
10 403
25 403
40 403
55 403
69 403
84 403
98 403
112 403
126 403
143 403
158 403
171 403
185 403
200 403
213 403
226 403
241 403
255 403
268 403
282 403
296 403
310 403
324 403
338 403
352 403
364 403
377 403
390 403
403 403
416 403
429 403
443 403
456 403
469 403
482 403
495 403
508 403
522 403
535 403
548 403
561 403
576 403
589 403
601 403
615 403
628 403
641 403
653 403
665 403
678 403
691 403
703 403
716 403
729 403
741 403
753 403
765 403
777 403
789 403
801 403
814 403
827 403
839 403
851 403
865 403
878 403
892 403
905 403
917 403
931 403
944 403
957 403
970 403
985 403
999 403
1012 403
1025 403
1038 403
1053 403
1067 403
1083 403
1097 403
1110 403
1132 403
1146 403
1161 403
1166 403
1179 403
1192 403
1205 403
1220 403
1234 403
1219 403
1236 403
1385 403
1385 403
1385 403
1384 403
1383 403
1382 403
1380 403
1378 403
1377 403
1375 403
1374 403
1372 403
1370 403
1367 403
1365 403
1363 403
1361 403
1359 403
1356 403
1353 403
1351 403
1349 403
1347 403
1346 403
1343 403
1351 403
1369 403
1385 403
1405 403
1425 403
1447 403
1473 403
1498 403
1523 403
1554 403
1589 403
1621 403
1653 403
1685 403
1720 403
1756 403
1791 403
1830 403
1865 403
1900 403
1939 403
1974 403
2004 403
2035 403
2069 403
2095 403
2120 403
2147 403
2170 403
2194 404
2214 405
2235 406
2254 407
2273 408
2294 409
2315 410
2338 411
2360 412
2384 413
2402 414
2421 415
2445 416
2466 417
2488 418
2509 419
2531 420
2550 421
2568 422
2587 423
2604 424
2620 425
2637 426
2633 427
2640 428
2642 429
2652 430
2662 431
2673 432
2683 433
2694 434
2706 435
2717 436
2728 437
2739 438
2749 439
2760 440
2773 441
2784 442
2795 443
2806 444
2816 445
2828 446
2839 447
2851 448
2861 449
2873 450
2884 451
2895 452
2907 453
2918 454
2931 455
2942 456
2954 457
2972 458
2984 459
2996 460
3008 461
3020 462
3032 463
3044 464
3057 465
3070 466
3083 467
3096 468
3110 469
3123 470
3136 471
3150 472
3163 473
3177 474
3190 475
3203 476
3217 477
3229 478
3244 479
3256 480
3270 481
3285 482
3299 483
3313 484
3327 485
3342 486
3356 487
3371 488
3384 489
3400 490
3413 491
3426 492
3441 493
3455 494
3469 495
3484 496
3500 497
3514 498
3529 499
3544 500
3559 501
3574 502
3589 503
3605 504
3620 505
3635 506
3653 507
3679 508
3692 509
3707 510
3721 511
3733 512
3748 513
3762 514
3776 515
3792 516
3806 517
3820 518
3840 519
3853 520
3866 521
3879 522
3893 523
3906 524
3922 525
3936 526
3949 527
3964 528
3979 529
3993 530
4007 531
4022 532
4037 533
4052 534
4066 535
4081 536
4095 537
14 537
29 537
45 537
59 537
73 537
87 537
101 537
116 537
135 537
150 537
163 537
175 537
189 537
202 537
216 537
231 537
248 537
262 537
275 537
288 537
302 537
316 537
331 537
346 537
360 537
373 537
387 537
401 537
414 537
428 537
443 537
457 537
470 537
483 537
497 537
511 537
525 537
540 537
552 537
564 537
577 537
590 537
603 537
616 537
629 537
642 537
655 537
667 537
680 537
693 537
706 537
720 537
733 537
745 537
757 537
769 537
783 537
797 537
809 537
823 537
837 537
850 537
863 537
877 537
889 537
903 537
917 537
929 537
942 537
955 537
967 537
978 537
993 537
1006 537
1018 537
1031 537
1044 537
1058 537
1071 537
1086 537
1100 537
1113 537
1127 537
1142 537
1156 537
1170 537
1185 537
1200 537
1214 537
1229 537
1244 537
1260 537
1250 537
1267 537
1283 537
1297 537
1301 537
1394 537
1392 537
1391 537
1390 537
1388 537
1386 537
1385 537
1384 537
1383 537
1381 537
1379 537
1378 537
1376 537
1374 537
1372 537
1370 537
1368 537
1365 537
1363 537
1361 537
1360 537
1371 537
1425 537
1455 537
1474 537
1501 537
1534 537
1572 537
1628 537
1663 537
1696 537
1724 537
1761 537
1799 537
1841 537
1878 537
1919 537
1959 537
1992 537
2026 537
2062 537
2093 537
2121 537
2150 537
2177 538
2203 539
2226 540
2249 541
2269 542
2289 543
2307 544
2327 545
2350 546
2374 547
2397 548
2417 549
2436 550
2458 551
2482 552
2503 553
2523 554
2544 555
2563 556
2581 557
2598 558
2616 559
2632 560
2648 561
2657 562
2653 563
2665 564
2660 565
2670 566
2682 567
2693 568
2705 569
2715 570
2726 571
2738 572
2749 573
2759 574
2770 575
2782 576
2793 577
2803 578
2814 579
2825 580
2836 581
2847 582
2858 583
2870 584
2880 585
2892 586
2903 587
2913 588
2925 589
2938 590
2949 591
2961 592
2972 593
2984 594
2996 595
3008 596
3021 597
3032 598
3044 599
3057 600
3068 601
3081 602
3094 603
3107 604
3119 605
3133 606
3146 607
3159 608
3173 609
3186 610
3206 611
3219 612
3233 613
3247 614
3259 615
3272 616
3288 617
3302 618
3315 619
3329 620
3343 621
3358 622
3372 623
3388 624
3404 625
3418 626
3432 627
3448 628
3462 629
3476 630
3493 631
3508 632
3523 633
3538 634
3553 635
3569 636
3584 637
3601 638
3616 639
3631 640
3647 641
3661 642
3676 643
3691 644
3706 645
3721 646
3737 647
3752 648
3767 649
3783 650
3798 651
3814 652
3829 653
3844 654
3859 655
3876 656
3891 657
3906 658
3922 659
3938 660
3952 661
3968 662
3983 663
3998 664
4013 665
4028 666
4043 667
4060 668
4074 669
4088 670
11 670
32 670
53 670
70 670
87 670
104 670
121 670
138 670
154 670
169 670
184 670
200 670
214 670
230 670
246 670
260 670
274 670
289 670
303 670
317 670
332 670
346 670
359 670
373 670
389 670
402 670
415 670
429 670
442 670
455 670
469 670
481 670
495 670
507 670
521 670
535 670
547 670
560 670
574 670
588 670
600 670
613 670
627 670
640 670
653 670
666 670
679 670
693 670
705 670
720 670
733 670
745 670
758 670
771 670
784 670
797 670
811 670
823 670
835 670
846 670
858 670
870 670
882 670
895 670
913 670
934 670
955 670
977 670
1001 670
1021 670
1043 670
1066 670
1092 670
1116 670
1137 670
1161 670
1187 670
1195 670
1218 670
1243 670
1264 670
1384 670
1384 670
1382 670
1380 670
1378 670
1376 670
1373 670
1371 670
1368 670
1365 670
1363 670
1359 670
1355 670
1350 670
1345 670
1351 670
1380 670
1412 670
1447 670
1486 670
1526 670
1577 670
1630 670
1682 670
1740 670
1799 670
1859 670
1912 670
1990 670
2076 670
2143 670
2189 671
2235 672
2282 673
2321 674
2364 675
2413 676
2467 677
2515 678
2555 679
2592 680
2621 681
2629 682
2637 683
2656 684
2675 685
2694 686
2712 687
2731 688
2749 689
2767 690
2786 691
2804 692
2823 693
2841 694
2860 695
2878 696
2896 697
2915 698
2936 699
2955 700
2974 701
2995 702
3016 703
3037 704
3057 705
3079 706
3102 707
3123 708
3146 709
3169 710
3193 711
3215 712
3238 713
