3327 0
3327 0
3332 1
3337 2
3344 3
3352 4
3363 5
3373 6
3385 7
3397 8
3411 9
3424 10
3439 11
3452 12
3468 13
3484 14
3501 15
3516 16
3532 17
3549 18
3566 19
3583 20
3602 21
3619 22
3636 23
3655 24
3672 25
3689 26
3707 27
3724 28
3754 29
3775 30
3795 31
3816 32
3837 33
3854 34
3874 35
3893 36
3910 37
3930 38
3947 39
3966 40
3983 41
4001 42
4018 43
4038 44
4055 45
4072 46
4090 47
11 47
27 47
46 47
62 47
80 47
96 47
114 47
130 47
148 47
165 47
180 47
199 47
215 47
228 47
244 47
260 47
275 47
290 47
305 47
321 47
337 47
352 47
372 47
385 47
398 47
411 47
424 47
439 47
452 47
468 47
482 47
497 47
512 47
527 47
543 47
556 47
569 47
583 47
597 47
611 47
635 47
652 47
667 47
683 47
700 47
717 47
731 47
745 47
762 47
778 47
792 47
807 47
822 47
837 47
852 47
868 47
882 47
899 47
915 47
930 47
943 47
958 47
974 47
990 47
1006 47
1021 47
1037 47
1053 47
1068 47
1087 47
1105 47
1120 47
1134 47
1150 47
1168 47
1172 47
1186 47
1201 47
1219 47
1236 47
1223 47
1325 47
1384 47
1384 47
1383 47
1382 47
1380 47
1379 47
1377 47
1375 47
1373 47
1372 47
1370 47
1368 47
1366 47
1364 47
1362 47
1359 47
1357 47
1354 47
1350 47
1348 47
1347 47
1357 47
1375 47
1394 47
1420 47
1446 47
1470 47
1499 47
1527 47
1560 47
1596 47
1632 47
1670 47
1712 47
1751 47
1793 47
1838 47
1877 47
1917 47
1958 47
1995 47
2030 47
2069 47
2101 47
2130 47
2159 47
2186 47
2211 47
2236 47
2258 47
2282 47
2307 47
2335 47
2358 47
2382 47
2404 47
2427 47
2454 47
2478 47
2501 47
2525 47
2547 47
2568 47
2590 47
2609 47
2627 47
2627 47
2635 47
2639 47
2652 47
2665 47
2678 47
2690 47
2703 47
2716 47
2730 47
2742 47
2760 47
2772 47
2784 47
2797 47
2809 47
2822 47
2835 47
2849 47
2861 47
2874 47
2888 47
2901 47
2915 47
2940 47
2953 47
2963 47
2976 47
2988 47
3000 47
3015 47
3029 47
3042 47
3056 47
3070 47
3084 47
3100 47
3116 47
3132 47
3148 47
3164 47
3178 47
3193 47
3209 47
3223 47
3240 47
3256 47
3270 47
3287 47
3303 47
3319 47
3335 48
3352 49
3368 50
3384 51
3402 52
3419 53
3435 54
3453 55
3469 56
3486 57
3504 58
3521 59
3538 60
3556 61
3574 62
3591 63
3609 64
3627 65
3645 66
3664 67
3686 68
3707 69
3726 70
3747 71
3766 72
3785 73
3803 74
3824 75
3842 76
3859 77
3880 78
3898 79
3913 80
3933 81
3950 82
3967 83
3985 84
4002 85
4020 86
4038 87
4055 88
4073 89
4090 90
10 90
28 90
47 90
63 90
80 90
106 90
122 90
138 90
155 90
170 90
186 90
202 90
217 90
234 90
250 90
266 90
283 90
299 90
315 90
331 90
349 90
365 90
380 90
395 90
411 90
427 90
445 90
460 90
475 90
492 90
509 90
523 90
539 90
554 90
569 90
586 90
601 90
615 90
629 90
643 90
658 90
672 90
687 90
701 90
717 90
732 90
746 90
760 90
775 90
790 90
807 90
824 90
838 90
852 90
867 90
881 90
896 90
912 90
926 90
943 90
958 90
973 90
989 90
1005 90
1021 90
1035 90
1050 90
1065 90
1082 90
1098 90
1113 90
1130 90
1147 90
1164 90
1181 90
1200 90
1198 90
1213 90
1229 90
1248 90
1236 90
1258 90
1388 90
1388 90
1388 90
1384 90
1382 90
1381 90
1381 90
1377 90
1375 90
1373 90
1371 90
1369 90
1364 90
1362 90
1360 90
1358 90
1355 90
1351 90
1349 90
1347 90
1348 90
1365 90
1386 90
1410 90
1437 90
1463 90
1492 90
1521 90
1555 90
1592 90
1630 90
1664 90
1703 90
1743 90
1783 90
1828 90
1872 90
1912 90
1947 90
1987 90
2025 90
2059 90
2093 90
2124 90
2154 90
2179 90
2206 90
2229 90
2251 90
2281 90
2310 90
2337 90
2359 90
2383 90
2407 90
2432 90
2458 90
2480 90
2503 90
2526 90
2548 90
2568 90
2588 90
2608 90
2625 90
2624 90
2633 90
2638 90
2651 90
2663 90
2676 90
2689 90
2702 90
2713 90
2724 90
2736 90
2748 90
2760 90
2774 90
2786 90
2798 90
2810 90
2823 90
2836 90
2850 90
2862 90
2875 90
2889 90
2902 90
2915 90
2930 90
2944 90
2957 90
2972 90
2986 90
3000 90
3016 90
3030 90
3043 90
3058 90
3073 90
3088 90
3104 90
3118 90
3133 90
3147 90
3162 90
3178 90
3193 90
3208 90
3223 90
3240 90
3257 90
3276 90
3293 90
3311 90
3328 91
3346 92
3363 93
3381 94
3400 95
3417 96
3434 97
3452 98
3468 99
3486 100
3506 101
3522 102
3540 103
3558 104
3576 105
3603 106
3622 107
3637 108
3654 109
3672 110
3688 111
3706 112
3730 113
3745 114
3757 115
3773 116
3790 117
3805 118
3823 119
3840 120
3855 121
3873 122
3890 123
3906 124
3925 125
3944 126
3960 127
3975 128
3993 129
4011 130
4028 131
4046 132
4062 133
4079 134
9 134
24 134
39 134
54 134
70 134
86 134
102 134
118 134
134 134
152 134
167 134
182 134
198 134
214 134
231 134
249 134
265 134
280 134
296 134
311 134
327 134
344 134
361 134
376 134
391 134
407 134
424 134
442 134
458 134
473 134
487 134
502 134
518 134
535 134
550 134
563 134
580 134
596 134
610 134
627 134
642 134
656 134
671 134
687 134
701 134
718 134
734 134
748 134
762 134
777 134
792 134
808 134
824 134
839 134
853 134
866 134
882 134
897 134
912 134
927 134
943 134
959 134
975 134
989 134
1002 134
1020 134
1036 134
1052 134
1068 134
1084 134
1101 134
1118 134
1134 134
1150 134
1167 134
1185 134
1203 134
1221 134
1218 134
1235 134
1253 134
1242 134
1288 134
1389 134
1389 134
1388 134
1386 134
1385 134
1383 134
1381 134
1380 134
1376 134
1372 134
1371 134
1369 134
1366 134
1362 134
1360 134
1358 134
1355 134
1353 134
1362 134
1381 134
1403 134
1426 134
1453 134
1479 134
1509 134
1539 134
1574 134
1610 134
1647 134
1683 134
1718 134
1758 134
1798 134
1842 134
1881 134
1917 134
1957 134
1992 134
2025 134
2061 134
2092 134
2122 134
2151 134
2178 134
2204 134
2246 134
2278 134
2315 134
2348 134
2378 134
2405 134
2436 134
2465 134
2506 134
2529 134
2550 134
2572 134
2591 134
2610 134
2623 134
2635 134
2630 134
2642 134
2654 134
2672 134
2688 134
2703 134
2716 134
2730 134
2745 134
2758 134
2771 134
2784 134
2798 134
2811 134
2825 134
2839 134
2852 134
2866 134
2878 134
2893 134
2907 134
2920 134
2934 134
2948 134
2962 134
2977 134
2991 134
3005 134
3021 134
3034 134
3048 134
3065 134
3081 134
3094 134
3108 134
3122 134
3137 134
3151 134
3166 134
3181 134
3196 134
3213 134
3227 134
3241 134
3257 134
3271 134
3287 134
3304 134
3319 134
3335 135
3351 136
3368 137
3384 138
3403 139
3418 140
3435 141
3453 142
3469 143
3487 144
3505 145
3522 146
3540 147
3557 148
3575 149
3592 150
3611 151
3627 152
3643 153
3662 154
3678 155
3696 156
3714 157
3731 158
3749 159
3767 160
3785 161
3803 162
3822 163
3840 164
3856 165
3875 166
3893 167
3909 168
3927 169
3944 170
3962 171
3979 172
3997 173
4014 174
4033 175
4051 176
4067 177
4093 178
14 178
30 178
48 178
65 178
80 178
95 178
112 178
129 178
145 178
162 178
179 178
198 178
216 178
233 178
249 178
266 178
283 178
300 178
317 178
333 178
349 178
365 178
382 178
399 178
414 178
430 178
447 178
463 178
479 178
496 178
512 178
526 178
540 178
555 178
569 178
586 178
602 178
616 178
633 178
649 178
665 178
678 178
693 178
708 178
724 178
739 178
754 178
771 178
787 178
801 178
816 178
830 178
846 178
861 178
876 178
891 178
907 178
923 178
938 178
952 178
965 178
980 178
996 178
1011 178
1025 178
1039 178
1055 178
1071 178
1088 178
1106 178
1123 178
1139 178
1154 178
1170 178
1189 178
1208 178
1226 178
1243 178
1261 178
1253 178
1272 178
1291 178
1309 178
1328 178
1325 178
1396 178
1394 178
1392 178
1389 178
1387 178
1386 178
1384 178
1382 178
1380 178
1378 178
1377 178
1374 178
1372 178
1370 178
1369 178
1373 178
1385 178
1402 178
1421 178
1443 178
1467 178
1491 178
1513 178
1540 178
1570 178
1601 178
1634 178
1668 178
1705 178
1741 178
1779 178
1821 178
1862 178
1902 178
1936 178
1969 178
2004 178
2040 178
2075 178
2104 178
2134 178
2163 178
2188 178
2214 178
2238 178
2260 178
2280 178
2305 178
2330 178
2357 178
2383 178
2405 178
2429 178
2456 178
2482 178
2508 178
2534 178
2556 178
2577 178
2597 178
2618 178
2631 178
2628 178
2643 178
2648 178
2659 178
2672 178
2685 178
2699 178
2711 178
2723 178
2738 178
2750 178
2762 178
2777 178
2789 178
2802 178
2815 178
2829 178
2841 178
2856 178
2869 178
2881 178
2896 178
2908 178
2922 178
2937 178
2951 178
2964 178
2978 178
2992 178
3006 178
3022 178
3036 178
3049 178
3074 178
3086 178
3099 178
3113 178
3126 178
3138 178
3153 178
3167 178
3183 178
3197 178
3212 178
3228 178
3251 178
3264 178
3279 178
3295 178
3309 178
3324 178
3340 179
3355 180
3372 181
3387 182
3404 183
3420 184
3436 185
3453 186
3470 187
3485 188
3502 189
3518 190
3534 191
3551 192
3569 193
3586 194
3604 195
3622 196
3638 197
3657 198
3675 199
3691 200
3710 201
3729 202
3746 203
3764 204
3782 205
3799 206
3818 207
3837 208
3855 209
3873 210
3890 211
3907 212
3926 213
3945 214
3962 215
3980 216
3997 217
4013 218
4030 219
4046 220
4063 221
4080 222
1 222
17 222
34 222
52 222
67 222
84 222
101 222
117 222
134 222
152 222
168 222
185 222
202 222
218 222
235 222
254 222
271 222
287 222
302 222
318 222
335 222
353 222
369 222
393 222
408 222
423 222
440 222
456 222
471 222
487 222
503 222
518 222
534 222
551 222
566 222
580 222
596 222
612 222
627 222
644 222
659 222
673 222
687 222
702 222
717 222
733 222
747 222
763 222
779 222
794 222
808 222
823 222
839 222
855 222
869 222
883 222
897 222
913 222
927 222
942 222
957 222
971 222
987 222
1003 222
1018 222
1033 222
1048 222
1064 222
1079 222
1096 222
1112 222
1127 222
1144 222
1160 222
1177 222
1196 222
1214 222
1211 222
1226 222
1244 222
1233 222
1251 222
1388 222
1388 222
1387 222
1386 222
1385 222
1383 222
1383 222
1384 222
1377 222
1374 222
1374 222
1373 222
1368 222
1364 222
1363 222
1361 222
1358 222
1360 222
1381 222
1403 222
1423 222
1448 222
1471 222
1499 222
1530 222
1560 222
1595 222
1632 222
1667 222
1704 222
1744 222
1781 222
1820 222
1858 222
1894 222
1934 222
1971 222
2006 222
2044 222
2081 222
2113 222
2139 222
2167 222
2194 222
2219 222
2242 222
2266 222
2293 222
2319 222
2346 222
2370 222
2395 222
2419 222
2444 222
2471 222
2494 222
2518 222
2541 222
2562 222
2584 222
2604 222
2621 222
2622 222
2630 222
2634 222
2646 222
2659 222
2671 222
2683 222
2697 222
2709 222
2721 222
2734 222
2746 222
2759 222
2773 222
2786 222
2798 222
2811 222
2824 222
2837 222
2852 222
2866 222
2878 222
2893 222
2906 222
2919 222
2934 222
2948 222
2961 222
2975 222
2989 222
3003 222
3018 222
3032 222
3045 222
3060 222
3074 222
3088 222
3104 222
3119 222
3133 222
3149 222
3164 222
3179 222
3196 222
3212 222
3228 222
3245 222
3261 222
3288 222
3315 222
3341 223
3369 224
3397 225
3425 226
3451 227
3476 228
3503 229
3529 230
3557 231
3585 232
3614 233
3641 234
3671 235
3699 236
3729 237
3758 238
3788 239
3818 240
3848 241
3878 242
3907 243
3934 244
3977 245
4001 246
4027 247
4053 248
4080 249
11 249
37 249
63 249
103 249
126 249
152 249
175 249
201 249
227 249
254 249
284 249
313 249
342 249
380 249
403 249
428 249
454 249
478 249
505 249
530 249
557 249
582 249
608 249
634 249
660 249
684 249
709 249
735 249
760 249
786 249
810 249
835 249
859 249
883 249
906 249
929 249
956 249
981 249
1005 249
1032 249
1058 249
1084 249
1112 249
1140 249
1169 249
1196 249
1226 249
1256 249
1259 249
1292 249
1364 249
1392 249
1391 249
1388 249
1385 249
1383 249
1379 249
1376 249
1373 249
1371 249
1368 249
1367 249
1392 249
1421 249
1463 249
1502 249
1544 249
1596 249
1655 249
1711 249
1768 249
1829 249
1887 249
1948 249
2003 249
2062 249
2107 249
2154 249
2193 249
2233 249
2267 249
2312 249
2354 249
2394 249
2438 249
2480 249
2522 249
2583 249
2606 249
2621 249
2624 249
2641 249
2661 249
2681 249
2702 249
2721 249
2741 249
2762 249
2784 249
2806 249
2827 249
2849 249
2872 249
2895 249
2918 249
2941 249
2965 249
2996 249
3021 249
3048 249
3077 249
3102 249
3128 249
3154 249
3181 249
3209 249
3234 249
3260 249
3288 249
3316 249
3343 250
3371 251
3401 252
3429 253
3456 254
3498 255
3535 256
3569 257
3603 258
3636 259
3671 260
3702 261
3731 262
3763 263
