3885 0
3885 0
3889 1
3896 2
3905 3
3916 4
3929 5
3942 6
3957 7
3972 8
3987 9
4004 10
4020 11
4037 12
4055 13
4072 14
4091 15
15 15
36 15
58 15
77 15
97 15
117 15
136 15
158 15
176 15
194 15
213 15
232 15
252 15
270 15
288 15
307 15
325 15
344 15
363 15
380 15
399 15
417 15
434 15
451 15
470 15
488 15
506 15
524 15
542 15
560 15
576 15
594 15
609 15
626 15
643 15
659 15
678 15
695 15
712 15
731 15
748 15
765 15
781 15
798 15
815 15
834 15
850 15
867 15
885 15
901 15
920 15
937 15
953 15
976 15
991 15
1006 15
1021 15
1036 15
1052 15
1072 15
1087 15
1105 15
1123 15
1139 15
1156 15
1174 15
1197 15
1214 15
1231 15
1250 15
1267 15
1287 15
1307 15
1327 15
1348 15
1368 15
1355 15
1376 15
1401 15
1405 15
1398 15
1395 15
1394 15
1391 15
1389 15
1387 15
1385 15
1384 15
1383 15
1393 15
1412 15
1425 15
1447 15
1473 15
1502 15
1527 15
1557 15
1588 15
1621 15
1659 15
1697 15
1732 15
1770 15
1813 15
1851 15
1895 15
1935 15
1974 15
2012 15
2054 15
2090 15
2120 15
2153 15
2184 15
2213 15
2242 15
2266 15
2290 15
2326 15
2355 15
2388 15
2415 15
2442 15
2470 15
2508 15
2539 15
2566 15
2594 15
2620 15
2647 15
2646 15
2655 15
2663 15
2679 15
2695 15
2712 15
2728 15
2743 15
2759 15
2775 15
2791 15
2806 15
2822 15
2838 15
2854 15
2871 15
2886 15
2902 15
2918 15
2932 15
2948 15
2962 15
2977 15
2992 15
3009 15
3025 15
3042 15
3057 15
3073 15
3089 15
3105 15
3122 15
3138 15
3155 15
3172 15
3189 15
3206 15
3224 15
3241 15
3260 15
3276 15
3294 15
3313 15
3331 15
3350 15
3368 15
3386 15
3407 15
3426 15
3442 15
3460 15
3478 15
3497 15
3516 15
3534 15
3553 15
3572 15
3593 15
3612 15
3631 15
3651 15
3672 15
3690 15
3711 15
3732 15
3750 15
3770 15
3791 15
3811 15
3833 15
3853 15
3872 15
3891 16
3911 17
3947 18
3974 19
3999 20
4023 21
4046 22
4066 23
4089 24
14 24
32 24
52 24
73 24
93 24
113 24
132 24
151 24
170 24
190 24
210 24
228 24
248 24
267 24
285 24
304 24
324 24
343 24
362 24
380 24
400 24
420 24
437 24
455 24
474 24
493 24
512 24
529 24
548 24
565 24
582 24
601 24
618 24
635 24
653 24
671 24
688 24
706 24
723 24
741 24
758 24
776 24
794 24
811 24
828 24
845 24
863 24
880 24
897 24
914 24
932 24
948 24
967 24
986 24
1002 24
1019 24
1037 24
1053 24
1070 24
1089 24
1106 24
1123 24
1141 24
1161 24
1180 24
1198 24
1216 24
1235 24
1254 24
1273 24
1293 24
1315 24
1336 24
1356 24
1375 24
1394 24
1416 24
1438 24
1459 24
1449 24
1474 24
1499 24
1402 24
1400 24
1398 24
1396 24
1396 24
1407 24
1419 24
1433 24
1447 24
1463 24
1483 24
1506 24
1529 24
1555 24
1584 24
1612 24
1644 24
1676 24
1710 24
1744 24
1781 24
1819 24
1863 24
1904 24
1941 24
1975 24
2015 24
2056 24
2091 24
2127 24
2161 24
2193 24
2223 24
2267 24
2299 24
2326 24
2348 24
2378 24
2407 24
2434 24
2460 24
2493 24
2526 24
2554 24
2579 24
2606 24
2632 24
2658 24
2662 24
2672 24
2671 24
2687 24
2703 24
2719 24
2736 24
2753 24
2769 24
2785 24
2801 24
2817 24
2833 24
2850 24
2866 24
2882 24
2896 24
2913 24
2928 24
2950 24
2965 24
2980 24
2995 24
3010 24
3024 24
3041 24
3057 24
3072 24
3088 24
3104 24
3120 24
3138 24
3153 24
3170 24
3187 24
3205 24
3222 24
3239 24
3255 24
3274 24
3291 24
3308 24
3327 24
3344 24
3364 24
3382 24
3397 24
3418 24
3436 24
3451 24
3469 24
3487 24
3506 24
3525 24
3543 24
3562 24
3581 24
3600 24
3621 24
3639 24
3659 24
3679 24
3698 24
3718 24
3738 24
3757 24
3777 24
3797 24
3818 24
3840 24
3859 24
3878 24
3899 25
3919 26
3940 27
3965 28
3988 29
4008 30
4029 31
4050 32
4070 33
4092 34
16 34
35 34
54 34
74 34
94 34
113 34
132 34
152 34
171 34
190 34
210 34
228 34
248 34
266 34
285 34
304 34
323 34
342 34
363 34
382 34
399 34
416 34
435 34
452 34
468 34
486 34
503 34
521 34
539 34
559 34
577 34
593 34
610 34
628 34
647 34
664 34
681 34
698 34
716 34
734 34
752 34
769 34
787 34
805 34
822 34
839 34
856 34
873 34
891 34
909 34
926 34
943 34
960 34
979 34
1000 34
1018 34
1036 34
1054 34
1073 34
1094 34
1114 34
1132 34
1152 34
1173 34
1194 34
1213 34
1231 34
1252 34
1273 34
1294 34
1309 34
1323 34
1343 34
1361 34
1382 34
1391 34
1398 34
1397 34
1395 34
1394 34
1393 34
1392 34
1389 34
1386 34
1385 34
1385 34
1394 34
1410 34
1431 34
1449 34
1475 34
1501 34
1530 34
1560 34
1590 34
1622 34
1659 34
1697 34
1733 34
1767 34
1803 34
1840 34
1880 34
1918 34
1951 34
1981 34
2016 34
2047 34
2077 34
2108 34
2136 34
2157 34
2178 34
2200 34
2220 34
2245 34
2273 34
2297 34
2324 34
2353 34
2382 34
2411 34
2445 34
2480 34
2505 34
2525 34
2541 34
2556 34
2571 34
2588 34
2602 34
2617 34
2632 34
2648 34
2664 34
2679 34
2694 34
2710 34
2726 34
2742 34
2759 34
2774 34
2789 34
2804 34
2820 34
2836 34
2852 34
2868 34
2884 34
2901 34
2918 34
2935 34
2952 34
2970 34
2987 34
3004 34
3024 34
3041 34
3058 34
3078 34
3094 34
3112 34
3131 34
3147 34
3165 34
3184 34
3202 34
3220 34
3238 34
3267 34
3290 34
3310 34
3331 34
3352 34
3372 34
3392 34
3415 34
3435 34
3454 34
3474 34
3495 34
3515 34
3536 34
3557 34
3576 34
3597 34
3619 34
3640 34
3659 34
3681 34
3701 34
3719 34
3740 34
3760 34
3780 34
3800 34
3820 34
3841 34
3861 34
3880 34
3898 35
3916 36
3936 37
3955 38
3972 39
3991 40
4010 41
4028 42
4049 43
4068 44
4086 45
11 45
29 45
46 45
65 45
84 45
104 45
122 45
141 45
162 45
182 45
208 45
222 45
238 45
256 45
272 45
287 45
305 45
323 45
338 45
355 45
371 45
387 45
403 45
420 45
437 45
455 45
472 45
489 45
507 45
524 45
543 45
562 45
579 45
595 45
614 45
632 45
649 45
666 45
683 45
702 45
720 45
738 45
756 45
773 45
791 45
809 45
828 45
848 45
871 45
891 45
910 45
929 45
947 45
966 45
985 45
1005 45
1023 45
1042 45
1061 45
1080 45
1100 45
1120 45
1140 45
1159 45
1180 45
1200 45
1221 45
1245 45
1265 45
1283 45
1302 45
1324 45
1344 45
1367 45
1389 45
1411 45
1432 45
1424 45
1446 45
1470 45
1493 45
1402 45
1400 45
1399 45
1398 45
1397 45
1399 45
1414 45
1430 45
1447 45
1465 45
1486 45
1511 45
1534 45
1560 45
1585 45
1617 45
1648 45
1679 45
1708 45
1746 45
1783 45
1816 45
1848 45
1885 45
1919 45
1975 45
2008 45
2038 45
2064 45
2089 45
2117 45
2142 45
2165 45
2190 45
2212 45
2231 45
2253 45
2281 45
2309 45
2337 45
2364 45
2393 45
2421 45
2448 45
2491 45
2512 45
2534 45
2550 45
2566 45
2583 45
2599 45
2614 45
2631 45
2647 45
2662 45
2677 45
2691 45
2707 45
2722 45
2736 45
2752 45
2767 45
2783 45
2798 45
2815 45
2831 45
2848 45
2864 45
2881 45
2898 45
2915 45
2933 45
2950 45
2966 45
2984 45
3002 45
3020 45
3039 45
3056 45
3072 45
3089 45
3108 45
3126 45
3144 45
3163 45
3182 45
3198 45
3215 45
3232 45
3249 45
3269 45
3286 45
3304 45
3322 45
3341 45
3360 45
3378 45
3397 45
3418 45
3437 45
3455 45
3474 45
3493 45
3512 45
3532 45
3551 45
3570 45
3590 45
3609 45
3629 45
3650 45
3670 45
3689 45
3708 45
3742 45
3760 45
3779 45
3798 45
3816 45
3836 45
3856 45
3876 45
3894 46
3914 47
3935 48
3955 49
3973 50
3992 51
4012 52
4031 53
4050 54
4070 55
4090 56
13 56
31 56
50 56
71 56
90 56
108 56
128 56
147 56
166 56
185 56
206 56
226 56
244 56
260 56
281 56
299 56
317 56
335 56
356 56
375 56
394 56
410 56
429 56
447 56
465 56
484 56
503 56
522 56
541 56
560 56
578 56
597 56
617 56
636 56
652 56
670 56
690 56
708 56
725 56
744 56
763 56
780 56
797 56
815 56
833 56
850 56
867 56
884 56
902 56
921 56
938 56
957 56
976 56
995 56
1012 56
1030 56
1050 56
1069 56
1086 56
1105 56
1124 56
1142 56
1160 56
1179 56
1198 56
1216 56
1236 56
1254 56
1273 56
1293 56
1312 56
1332 56
1351 56
1370 56
1390 56
1409 56
1429 56
1452 56
1473 56
1493 56
1513 56
1534 56
1557 56
1580 56
1602 56
1647 56
1654 56
1672 56
1692 56
1714 56
1736 56
1758 56
1779 56
1801 56
1825 56
1848 56
1871 56
1888 56
1905 56
1934 56
1956 56
1981 56
1957 56
1924 56
1949 56
1983 56
2016 56
2050 56
2084 56
2117 56
2146 56
2175 56
2205 56
2233 56
2258 56
2281 56
2305 56
2328 56
2350 56
2368 56
2388 56
2415 56
2443 56
2469 56
2497 56
2527 56
2559 56
2589 56
2620 56
2634 56
2647 56
2659 56
2669 56
2683 56
2699 56
2717 56
2736 56
2753 56
2771 56
2789 56
2806 56
2823 56
2841 56
2858 56
2878 56
2895 56
2911 56
2927 56
2945 56
2964 56
2981 56
2996 56
3014 56
3031 56
3048 56
3067 56
3083 56
3101 56
3117 56
3133 56
3150 56
3165 56
3181 56
3197 56
3213 56
3230 56
3248 56
3263 56
3282 56
3298 56
3315 56
3333 56
3351 56
3369 56
3387 56
3404 56
3423 56
3441 56
3458 56
3478 56
3495 56
3514 56
3533 56
3551 56
3571 56
3590 56
3608 56
3629 56
3657 56
3675 56
3694 56
3712 56
3731 56
3750 56
3769 56
3787 56
3807 56
3827 56
3848 56
3868 56
3887 57
3908 58
3927 59
3947 60
3969 61
3989 62
4006 63
4026 64
4047 65
4066 66
4086 67
10 67
29 67
47 67
66 67
86 67
105 67
125 67
145 67
165 67
182 67
199 67
218 67
236 67
257 67
276 67
294 67
313 67
332 67
352 67
373 67
392 67
410 67
429 67
449 67
470 67
499 67
526 67
551 67
574 67
597 67
620 67
642 67
662 67
683 67
704 67
724 67
751 67
770 67
790 67
809 67
829 67
848 67
866 67
885 67
905 67
923 67
942 67
961 67
979 67
997 67
1017 67
1035 67
1053 67
1071 67
1089 67
1108 67
1127 67
1144 67
1164 67
1183 67
1200 67
1216 67
1235 67
1253 67
1271 67
1289 67
1308 67
1326 67
1342 67
1361 67
1378 67
1395 67
1415 67
1434 67
1451 67
1468 67
1487 67
1505 67
1523 67
1542 67
1562 67
1581 67
1598 67
1617 67
1637 67
1657 67
1674 67
1691 67
1710 67
1730 67
1749 67
1769 67
1790 67
1809 67
1827 67
1847 67
1869 67
1888 67
1905 67
1921 67
1940 67
1959 67
1978 67
1996 67
2016 67
2036 67
2056 67
2023 67
2071 67
2103 67
2134 67
2166 67
2205 67
2242 67
2277 67
2307 67
2345 67
2380 67
2418 67
2454 67
2486 67
2508 67
2524 67
2540 67
2551 67
2553 67
2553 67
2554 67
2554 67
2554 67
2557 67
2568 67
2581 67
2596 67
2609 67
2632 67
2659 67
2687 67
2721 67
2748 67
2776 67
2807 67
2836 67
2868 67
2895 67
2924 67
2953 67
2978 67
3002 67
3027 67
3050 67
3071 67
3092 67
3114 67
3133 67
3158 67
3174 67
3188 67
3202 67
3215 67
3226 67
3245 67
3316 67
3333 67
3346 67
3361 67
3375 67
3390 67
3405 67
3419 67
3433 67
3447 67
3461 67
3476 67
3491 67
3507 67
3521 67
3535 67
3549 67
3565 67
3580 67
3596 67
3614 67
3632 67
3647 67
3667 67
3689 67
3708 67
3725 67
3742 67
3761 67
3780 67
3799 67
3817 67
3838 67
3856 67
3876 67
3896 68
3914 69
3933 70
3953 71
3971 72
3991 73
4010 74
4030 75
4049 76
4069 77
4090 78
13 78
33 78
53 78
73 78
94 78
113 78
147 78
167 78
184 78
200 78
219 78
239 78
259 78
278 78
298 78
317 78
337 78
356 78
377 78
396 78
418 78
438 78
456 78
475 78
497 78
518 78
537 78
556 78
578 78
598 78
617 78
637 78
657 78
676 78
696 78
717 78
737 78
762 78
786 78
807 78
827 78
846 78
864 78
886 78
908 78
927 78
946 78
963 78
983 78
1002 78
1020 78
1039 78
1058 78
1077 78
1097 78
1115 78
1132 78
1151 78
1170 78
1188 78
1205 78
1224 78
1243 78
1261 78
1278 78
1296 78
1315 78
1332 78
1346 78
1363 78
1380 78
1397 78
1416 78
1435 78
1452 78
1468 78
1484 78
1502 78
1520 78
1537 78
1555 78
1574 78
1592 78
1608 78
1625 78
1643 78
1660 78
1679 78
1698 78
1718 78
1737 78
1755 78
1772 78
1792 78
1812 78
1831 78
1849 78
1866 78
1885 78
1902 78
1922 78
1941 78
1960 78
1979 78
1999 78
2019 78
2061 78
2089 78
2083 78
2165 78
2204 78
2245 78
2289 78
2330 78
2369 78
2412 78
2450 78
2484 78
2509 78
2525 78
2542 78
2552 78
2553 78
2553 78
2553 78
2553 78
2554 78
2554 78
2565 78
2586 78
2608 78
2653 78
2697 78
2746 78
2794 78
2842 78
2888 78
2929 78
2971 78
3011 78
3046 78
3079 78
3112 78
3149 78
3172 78
3229 78
3270 78
3298 78
3324 78
3348 78
3375 78
3399 78
3423 78
3448 78
3474 78
3498 78
3523 78
3548 78
3572 78
3598 78
3624 78
