3734 0
3734 0
3734 0
3738 1
3746 2
3757 3
3769 4
3782 5
3796 6
3812 7
3827 8
3844 9
3863 10
3880 11
3899 12
3920 13
3938 14
3959 15
3979 16
4000 17
4022 18
4043 19
4063 20
4085 21
10 21
33 21
54 21
76 21
98 21
120 21
144 21
166 21
185 21
206 21
227 21
247 21
269 21
290 21
312 21
333 21
357 21
379 21
399 21
419 21
441 21
465 21
487 21
508 21
529 21
551 21
575 21
596 21
617 21
638 21
660 21
681 21
702 21
723 21
744 21
767 21
790 21
812 21
833 21
856 21
877 21
898 21
920 21
966 21
992 21
1015 21
1035 21
1054 21
1075 21
1093 21
1112 21
1132 21
1152 21
1170 21
1188 21
1208 21
1228 21
1248 21
1266 21
1283 21
1302 21
1323 21
1343 21
1361 21
1382 21
1405 21
1418 21
1440 21
1430 21
1450 21
1394 21
1388 21
1382 21
1375 21
1370 21
1366 21
1362 21
1357 21
1353 21
1350 21
1370 21
1399 21
1427 21
1458 21
1494 21
1539 21
1581 21
1627 21
1672 21
1723 21
1772 21
1827 21
1882 21
1939 21
1989 21
2044 21
2102 21
2154 21
2197 21
2237 21
2281 21
2316 21
2347 21
2373 21
2394 21
2428 21
2455 21
2480 21
2511 21
2540 21
2569 21
2594 21
2615 21
2640 21
2663 21
2660 21
2660 21
2670 21
2686 21
2705 21
2720 21
2737 21
2753 21
2768 21
2785 21
2800 21
2819 21
2838 21
2855 21
2871 21
2887 21
2905 21
2920 21
2937 21
2953 21
2969 21
2986 21
3003 21
3022 21
3038 21
3058 21
3076 21
3095 21
3114 21
3133 21
3154 21
3173 21
3194 21
3213 21
3233 21
3252 21
3273 21
3293 21
3314 21
3335 21
3368 21
3394 21
3416 21
3439 21
3462 21
3488 21
3512 21
3535 21
3561 21
3584 21
3611 21
3635 21
3658 21
3682 21
3707 21
3730 21
3755 22
3778 23
3802 24
3827 25
3853 26
3875 27
3897 28
3923 29
3946 30
3971 31
3995 32
4018 33
4041 34
4066 35
4089 36
19 36
42 36
62 36
83 36
103 36
122 36
140 36
161 36
179 36
210 36
234 36
256 36
277 36
297 36
318 36
338 36
359 36
378 36
398 36
418 36
438 36
457 36
474 36
491 36
511 36
528 36
544 36
559 36
576 36
590 36
605 36
619 36
635 36
651 36
667 36
683 36
701 36
718 36
734 36
750 36
767 36
783 36
801 36
820 36
838 36
856 36
876 36
896 36
916 36
937 36
959 36
982 36
1005 36
1028 36
1051 36
1073 36
1095 36
1118 36
1141 36
1164 36
1184 36
1204 36
1227 36
1249 36
1271 36
1294 36
1315 36
1335 36
1354 36
1372 36
1391 36
1409 36
1399 36
1418 36
1425 36
1393 36
1387 36
1378 36
1369 36
1358 36
1345 36
1331 36
1316 36
1299 36
1278 36
1260 36
1248 36
1232 36
1219 36
1212 36
1213 36
1226 36
1256 36
1293 36
1377 36
1546 36
1874 36
2142 36
2353 36
2528 36
2627 36
2678 36
2705 36
2749 36
2782 36
2803 36
2821 36
2835 36
2845 36
2852 36
2859 36
2865 36
2871 36
2876 36
2879 36
2881 36
2883 36
2886 36
2887 36
2889 36
2879 36
2857 36
2865 36
2872 36
2881 36
2891 36
2901 36
2910 36
2923 36
2934 36
2947 36
2959 36
2972 36
2985 36
2999 36
3013 36
3026 36
3041 36
3055 36
3070 36
3084 36
3100 36
3116 36
3131 36
3147 36
3164 36
3181 36
3201 36
3223 36
3242 36
3259 36
3276 36
3296 36
3314 36
3331 36
3349 36
3366 36
3384 36
3401 36
3417 36
3434 36
3452 36
3470 36
3487 36
3506 36
3527 36
3550 36
3569 36
3587 36
3609 36
3629 36
3648 36
3668 36
3690 36
3712 36
3734 36
3768 37
3793 38
3819 39
3846 40
3869 41
3893 42
3920 43
3944 44
3966 45
3994 46
4019 47
4043 48
4064 49
4088 50
17 50
41 50
63 50
88 50
111 50
135 50
159 50
182 50
204 50
227 50
250 50
272 50
295 50
317 50
340 50
361 50
384 50
405 50
424 50
443 50
464 50
485 50
504 50
526 50
546 50
566 50
588 50
609 50
629 50
647 50
667 50
686 50
706 50
726 50
744 50
762 50
782 50
800 50
817 50
833 50
851 50
867 50
881 50
897 50
912 50
926 50
940 50
957 50
973 50
987 50
1002 50
1019 50
1036 50
1054 50
1072 50
1092 50
1112 50
1137 50
1155 50
1290 50
1325 50
1359 50
1358 50
1353 50
1348 50
1342 50
1335 50
1329 50
1322 50
1315 50
1307 50
1301 50
1294 50
1286 50
1281 50
1273 50
1265 50
1265 50
1264 50
1261 50
1255 50
1250 50
1243 50
1241 50
1272 50
1310 50
1363 50
1428 50
1493 50
1573 50
1668 50
1759 50
1853 50
1948 50
2041 50
2124 50
2190 50
2251 50
2304 50
2347 50
2385 50
2419 50
2450 50
2481 50
2514 50
2536 50
2558 50
2608 50
2630 50
2645 50
2659 50
2675 50
2691 50
2706 50
2719 50
2734 50
2747 50
2764 50
2779 50
2792 50
2807 50
2823 50
2838 50
2853 50
2869 50
2886 50
2903 50
2923 50
2940 50
2956 50
2974 50
2992 50
3011 50
3028 50
3048 50
3125 50
3148 50
3164 50
3182 50
3198 50
3216 50
3232 50
3249 50
3265 50
3283 50
3299 50
3316 50
3332 50
3347 50
3363 50
3378 50
3394 50
3409 50
3425 50
3441 50
3457 50
3472 50
3489 50
3504 50
3520 50
3536 50
3553 50
3569 50
3596 50
3613 50
3630 50
3646 50
3664 50
3683 50
3703 50
3722 50
3740 51
3762 52
3782 53
3804 54
3825 55
3846 56
3867 57
3891 58
3913 59
3934 60
3955 61
3977 62
4001 63
4024 64
4046 65
4066 66
4090 67
17 67
40 67
64 67
87 67
110 67
133 67
155 67
177 67
200 67
223 67
244 67
267 67
291 67
314 67
337 67
360 67
385 67
408 67
430 67
451 67
475 67
498 67
520 67
543 67
567 67
590 67
611 67
633 67
655 67
677 67
698 67
720 67
742 67
763 67
785 67
805 67
825 67
844 67
866 67
888 67
908 67
928 67
946 67
964 67
983 67
1004 67
1023 67
1041 67
1061 67
1080 67
1098 67
1117 67
1136 67
1155 67
1173 67
1192 67
1211 67
1229 67
1246 67
1264 67
1282 67
1300 67
1318 67
1336 67
1353 67
1373 67
1395 67
1414 67
1432 67
1451 67
1468 67
1493 67
1509 67
1524 67
1540 67
1555 67
1572 67
1588 67
1604 67
1620 67
1638 67
1656 67
1660 67
1681 67
1660 67
1668 67
1678 67
1690 67
1701 67
1717 67
1736 67
1757 67
1784 67
1817 67
1854 67
1891 67
1932 67
1988 67
2048 67
2115 67
2194 67
2274 67
2351 67
2423 67
2462 67
2501 67
2542 67
2569 67
2571 67
2572 67
2573 67
2573 67
2573 67
2573 67
2574 67
2574 67
2575 67
2579 67
2608 67
2635 67
2662 67
2690 67
2731 67
2781 67
2834 67
2887 67
2926 67
2966 67
3005 67
3042 67
3072 67
3100 67
3124 67
3153 67
3193 67
3229 67
3260 67
3297 67
3328 67
3360 67
3387 67
3409 67
3431 67
3454 67
3473 67
3491 67
3511 67
3528 67
3543 67
3554 67
3565 67
3569 67
3571 67
3576 67
3581 67
3589 67
3597 67
3609 67
3621 67
3634 67
3647 67
3661 67
3675 67
3688 67
3702 67
3716 67
3731 67
3745 68
3760 69
3775 70
3789 71
3804 72
3819 73
3834 74
3849 75
3864 76
3879 77
3895 78
3912 79
3927 80
3942 81
3960 82
3977 83
3996 84
4013 85
4029 86
4046 87
4064 88
4082 89
6 89
24 89
44 89
64 89
84 89
105 89
126 89
146 89
166 89
188 89
212 89
235 89
257 89
276 89
294 89
317 89
340 89
363 89
385 89
408 89
436 89
463 89
490 89
517 89
550 89
579 89
605 89
631 89
660 89
688 89
716 89
743 89
768 89
795 89
820 89
842 89
863 89
884 89
903 89
920 89
941 89
965 89
989 89
1012 89
1038 89
1064 89
1087 89
1110 89
1132 89
1153 89
1173 89
1195 89
1219 89
1241 89
1263 89
1283 89
1303 89
1323 89
1344 89
1363 89
1381 89
1400 89
1420 89
1438 89
1456 89
1475 89
1494 89
1511 89
1526 89
1542 89
1558 89
1575 89
1591 89
1608 89
1625 89
1640 89
1654 89
1670 89
1686 89
1701 89
1716 89
1728 89
1743 89
1765 89
1777 89
1789 89
1801 89
1814 89
1827 89
1838 89
1850 89
1862 89
1875 89
1886 89
1896 89
1907 89
1918 89
1928 89
1938 89
1948 89
1957 89
1966 89
1976 89
1986 89
1997 89
2007 89
2018 89
2031 89
2048 89
2062 89
2082 89
2102 89
2127 89
2153 89
2177 89
2203 89
2238 89
2276 89
2304 89
2333 89
2358 89
2386 89
2423 89
2460 89
2488 89
2538 89
2623 89
2797 89
3027 89
3262 89
3455 89
3623 89
3714 89
3788 90
3846 91
3876 92
3898 93
3931 94
3957 95
3985 96
4016 97
4044 98
4064 99
4076 100
4089 101
21 101
43 101
55 101
65 101
83 101
94 101
100 101
98 101
96 101
93 101
82 101
77 101
68 101
57 101
47 101
39 101
30 101
21 101
12 101
5 101
4094 102
4088 103
4083 104
4078 105
4073 106
4069 107
4062 108
4060 109
4063 110
4064 111
4064 112
4066 113
4070 114
4073 115
4076 116
4080 117
4085 118
4091 119
0 119
6 119
12 119
25 119
36 119
47 119
58 119
70 119
82 119
96 119
112 119
129 119
145 119
163 119
182 119
201 119
222 119
244 119
272 119
293 119
315 119
336 119
359 119
383 119
404 119
426 119
446 119
468 119
494 119
519 119
543 119
566 119
592 119
617 119
646 119
672 119
697 119
722 119
745 119
768 119
792 119
816 119
839 119
861 119
885 119
908 119
934 119
957 119
981 119
1002 119
1022 119
1041 119
1063 119
1084 119
1106 119
1126 119
1148 119
1169 119
1190 119
1211 119
1232 119
1254 119
1275 119
1295 119
1317 119
1338 119
1359 119
1381 119
1403 119
1423 119
1447 119
1470 119
1491 119
1512 119
1533 119
1554 119
1575 119
1596 119
1617 119
1637 119
1657 119
1676 119
1695 119
1715 119
1734 119
1755 119
1775 119
1797 119
1819 119
1840 119
1860 119
1881 119
1905 119
1925 119
1946 119
1968 119
1989 119
2011 119
2032 119
2054 119
2076 119
2098 119
2119 119
2142 119
2164 119
2185 119
2206 119
2236 119
2263 119
2288 119
2311 119
2332 119
2352 119
2374 119
2397 119
2419 119
2442 119
2466 119
2490 119
2511 119
2533 119
2556 119
2580 119
2602 119
2626 119
2648 119
2673 119
2699 119
2720 119
2740 119
2762 119
2786 119
2808 119
2829 119
2852 119
2874 119
2896 119
2917 119
2937 119
2963 119
2990 119
3015 119
3037 119
3058 119
3080 119
3103 119
3125 119
3145 119
3168 119
3189 119
3209 119
3229 119
3251 119
3270 119
3290 119
3313 119
3332 119
3351 119
3372 119
3393 119
3414 119
3435 119
3455 119
3477 119
3499 119
3519 119
3549 119
3569 119
3589 119
3611 119
3630 119
3650 119
3672 119
3695 119
3716 119
3735 119
3756 120
3778 121
3799 122
3820 123
3842 124
3863 125
3885 126
3906 127
3927 128
3949 129
3970 130
3992 131
4014 132
4034 133
4055 134
4077 135
2 135
24 135
46 135
67 135
89 135
110 135
131 135
150 135
171 135
192 135
214 135
235 135
258 135
280 135
301 135
322 135
344 135
366 135
388 135
412 135
436 135
458 135
478 135
499 135
521 135
545 135
568 135
590 135
611 135
633 135
655 135
680 135
703 135
726 135
747 135
767 135
786 135
807 135
829 135
850 135
872 135
892 135
914 135
936 135
958 135
979 135
1001 135
1024 135
1046 135
1066 135
1087 135
1108 135
1129 135
1151 135
1172 135
1193 135
1214 135
1237 135
1260 135
1282 135
1303 135
1322 135
1345 135
1369 135
1390 135
1409 135
1427 135
1449 135
1470 135
1490 135
1511 135
1532 135
1556 135
1579 135
1601 135
1622 135
1643 135
1663 135
1685 135
1710 135
1734 135
1757 135
1779 135
1801 135
1822 135
1842 135
1862 135
1884 135
1905 135
1929 135
1950 135
1970 135
1992 135
2023 135
2047 135
2070 135
2091 135
2115 135
2137 135
2158 135
2180 135
2201 135
2225 135
2252 135
2292 135
2322 135
2350 135
2382 135
2414 135
2447 135
2483 135
2517 135
2550 135
2584 135
2619 135
2661 135
2691 135
2723 135
2754 135
2791 135
2823 135
2857 135
2891 135
2925 135
2958 135
2991 135
3024 135
3058 135
3091 135
3125 135
3158 135
3191 135
3224 135
3258 135
3295 135
3335 135
3372 135
3412 135
3447 135
3486 135
3525 135
3558 135
3591 135
3629 135
3664 135
3704 135
3738 136
3774 137
3810 138
3846 139
3884 140
3919 141
3954 142
3988 143
4020 144
4053 145
4087 146
25 146
59 146
91 146
124 146
156 146
188 146
221 146
256 146
290 146
323 146
357 146
392 146
428 146
464 146
520 146
570 146
614 146
651 146
689 146
726 146
761 146
795 146
833 146
870 146
905 146
940 146
976 146
1012 146
1047 146
1107 146
1135 146
1160 146
1187 146
1217 146
1249 146
1281 146
1311 146
1343 146
1378 146
1412 146
1444 146
1478 146
1515 146
1549 146
1582 146
1617 146
1653 146
1689 146
1721 146
1757 146
1792 146
1827 146
1859 146
1889 146
1922 146
1954 146
1987 146
2021 146
2056 146
2090 146
2122 146
2156 146
2192 146
2227 146
2262 146
2298 146
2333 146
2369 146
2407 146
2441 146
2481 146
2513 146
2543 146
2578 146
2613 146
2648 146
2686 146
2720 146
2756 146
