2872 0
2872 0
2880 1
2900 2
2928 3
2960 4
2994 5
3033 6
3076 7
3115 8
3158 9
3201 10
3240 11
3279 12
3319 13
3354 14
3387 15
3420 16
3441 17
3471 18
3495 19
3516 20
3531 21
3550 22
3566 23
3578 24
3587 25
3599 26
3609 27
3618 28
3628 29
3655 30
3686 31
3713 32
3696 33
3693 34
3714 35
3736 36
3757 37
3779 38
3798 39
3818 40
3836 41
3857 42
3876 43
3896 44
3916 45
3939 46
3963 47
3983 48
4004 49
4027 50
4051 51
4072 52
4094 53
20 53
43 53
65 53
87 53
109 53
133 53
154 53
176 53
200 53
223 53
268 53
295 53
322 53
347 53
373 53
399 53
424 53
448 53
474 53
498 53
523 53
550 53
580 53
608 53
634 53
659 53
688 53
713 53
736 53
757 53
779 53
803 53
826 53
851 53
875 53
897 53
922 53
946 53
968 53
992 53
1016 53
1040 53
1064 53
1087 53
1111 53
1134 53
1158 53
1182 53
1206 53
1230 53
1253 53
1280 53
1308 53
1333 53
1357 53
1382 53
1407 53
1432 53
1458 53
1481 53
1505 53
1529 53
1554 53
1578 53
1602 53
1625 53
1650 53
1673 53
1695 53
1719 53
1742 53
1765 53
1789 53
1811 53
1834 53
1857 53
1880 53
1904 53
1926 53
1948 53
1974 53
1999 53
2019 53
2038 53
2057 53
2081 53
2104 53
2124 53
2145 53
2168 53
2191 53
2212 53
2236 53
2259 53
2283 53
2306 53
2329 53
2353 53
2377 53
2402 53
2426 53
2453 53
2477 53
2500 53
2528 53
2553 53
2578 53
2604 53
2630 53
2656 53
2683 53
2710 53
2738 53
2766 53
2794 53
2822 53
2849 53
2876 54
2902 55
2928 56
2955 57
2979 58
3004 59
3030 60
3055 61
3081 62
3105 63
3130 64
3154 65
3177 66
3202 67
3225 68
3250 69
3273 70
3298 71
3321 72
3343 73
3366 74
3390 75
3412 76
3435 77
3456 78
3476 79
3501 80
3522 81
3543 82
3564 83
3587 84
3609 85
3633 86
3654 87
3677 88
3700 89
3723 90
3746 91
3769 92
3794 93
3818 94
3841 95
3863 96
3886 97
3910 98
3933 99
3974 100
4004 101
4031 102
4057 103
4081 104
8 104
33 104
57 104
79 104
101 104
126 104
150 104
173 104
197 104
222 104
247 104
271 104
296 104
321 104
346 104
371 104
395 104
420 104
446 104
471 104
496 104
521 104
547 104
572 104
596 104
620 104
645 104
672 104
698 104
724 104
748 104
771 104
795 104
817 104
838 104
859 104
884 104
909 104
931 104
952 104
976 104
1001 104
1023 104
1046 104
1071 104
1095 104
1117 104
1139 104
1163 104
1186 104
1209 104
1232 104
1257 104
1279 104
1302 104
1326 104
1350 104
1373 104
1397 104
1420 104
1444 104
1481 104
1508 104
1535 104
1561 104
1585 104
1612 104
1639 104
1664 104
1686 104
1710 104
1734 104
1758 104
1783 104
1807 104
1831 104
1856 104
1879 104
1905 104
1929 104
1951 104
1975 104
1998 104
2023 104
2046 104
2070 104
2094 104
2118 104
2141 104
2165 104
2189 104
2214 104
2235 104
2257 104
2280 104
2302 104
2325 104
2348 104
2371 104
2396 104
2419 104
2444 104
2466 104
2491 104
2515 104
2539 104
2563 104
2588 104
2614 104
2637 104
2662 104
2687 104
2711 104
2734 104
2759 104
2783 104
2808 104
2833 104
2856 104
2883 105
2908 106
2930 107
2956 108
2983 109
3008 110
3031 111
3056 112
3080 113
3103 114
3127 115
3151 116
3174 117
3197 118
3220 119
3244 120
3267 121
3293 122
3316 123
3337 124
3360 125
3385 126
3408 127
3432 128
3455 129
3481 130
3506 131
3529 132
3551 133
3575 134
3599 135
3636 136
3658 137
3694 138
3720 139
3745 140
3769 141
3795 142
3820 143
3844 144
3869 145
3895 146
3918 147
3945 148
3970 149
3993 150
4015 151
4040 152
4064 153
4087 154
15 154
39 154
62 154
86 154
110 154
134 154
156 154
178 154
204 154
229 154
258 154
285 154
311 154
335 154
360 154
386 154
411 154
436 154
464 154
490 154
515 154
540 154
567 154
591 154
617 154
642 154
668 154
694 154
720 154
744 154
766 154
791 154
817 154
842 154
866 154
888 154
912 154
938 154
962 154
985 154
1009 154
1030 154
1053 154
1076 154
1098 154
1120 154
1143 154
1166 154
1190 154
1213 154
1237 154
1260 154
1284 154
1307 154
1331 154
1355 154
1378 154
1401 154
1424 154
1449 154
1472 154
1495 154
1519 154
1542 154
1567 154
1591 154
1614 154
1638 154
1662 154
1685 154
1712 154
1738 154
1764 154
1789 154
1815 154
1841 154
1866 154
1888 154
1912 154
1936 154
1961 154
1984 154
2008 154
2031 154
2055 154
2078 154
2104 154
2129 154
2151 154
2174 154
2198 154
2222 154
2246 154
2268 154
2293 154
2318 154
2342 154
2364 154
2388 154
2425 154
2453 154
2484 154
2511 154
2536 154
2562 154
2584 154
2608 154
2634 154
2659 154
2685 154
2709 154
2733 154
2758 154
2806 154
2837 154
2866 154
2894 155
2920 156
2945 157
2971 158
2998 159
3023 160
3046 161
3070 162
3096 163
3119 164
3141 165
3165 166
3190 167
3216 168
3241 169
3263 170
3288 171
3312 172
3336 173
3359 174
3384 175
3408 176
3430 177
3455 178
3478 179
3502 180
3526 181
3550 182
3576 183
3601 184
3625 185
3648 186
3672 187
3697 188
3722 189
3748 190
3772 191
3794 192
3819 193
3844 194
3868 195
3893 196
3917 197
3939 198
3960 199
3983 200
4005 201
4029 202
4051 203
4075 204
1 204
25 204
49 204
71 204
95 204
119 204
142 204
166 204
191 204
216 204
238 204
260 204
284 204
309 204
333 204
356 204
380 204
404 204
428 204
453 204
478 204
503 204
530 204
562 204
593 204
620 204
644 204
667 204
690 204
712 204
736 204
760 204
785 204
810 204
835 204
860 204
884 204
907 204
930 204
954 204
978 204
1003 204
1028 204
1051 204
1073 204
1096 204
1120 204
1145 204
1168 204
1192 204
1215 204
1253 204
1276 204
1298 204
1319 204
1341 204
1364 204
1388 204
1412 204
1436 204
1459 204
1482 204
1506 204
1529 204
1555 204
1580 204
1602 204
1624 204
1650 204
1675 204
1699 204
1722 204
1744 204
1768 204
1791 204
1815 204
1839 204
1864 204
1887 204
1911 204
1934 204
1960 204
1988 204
2015 204
2039 204
2062 204
2086 204
2112 204
2136 204
2159 204
2182 204
2207 204
2230 204
2254 204
2278 204
2303 204
2327 204
2352 204
2377 204
2423 204
2454 204
2484 204
2511 204
2538 204
2567 204
2595 204
2621 204
2646 204
2673 204
2699 204
2732 204
2762 204
2791 204
2819 204
2846 204
2873 205
2898 206
2924 207
2950 208
2974 209
2999 210
3023 211
3048 212
3073 213
3095 214
3120 215
3145 216
3169 217
3190 218
3213 219
3236 220
3261 221
3283 222
3307 223
3330 224
3354 225
3377 226
3401 227
3424 228
3458 229
3479 230
3501 231
3524 232
3546 233
3568 234
3592 235
3614 236
3638 237
3661 238
3686 239
3710 240
3732 241
3756 242
3781 243
3804 244
3828 245
3852 246
3876 247
3902 248
3925 249
3948 250
3971 251
3997 252
4022 253
4045 254
4067 255
4092 256
21 256
44 256
67 256
94 256
120 256
143 256
169 256
194 256
219 256
244 256
271 256
296 256
320 256
343 256
367 256
394 256
419 256
442 256
468 256
492 256
518 256
544 256
568 256
593 256
618 256
642 256
668 256
694 256
719 256
743 256
764 256
789 256
815 256
839 256
862 256
884 256
905 256
926 256
949 256
973 256
997 256
1020 256
1042 256
1064 256
1089 256
1112 256
1135 256
1157 256
1180 256
1204 256
1227 256
1253 256
1276 256
1298 256
1321 256
1345 256
1367 256
1391 256
1414 256
1439 256
1463 256
1501 256
1528 256
1556 256
1581 256
1606 256
1631 256
1656 256
1681 256
1707 256
1731 256
1754 256
1779 256
1803 256
1828 256
1852 256
1876 256
1901 256
1926 256
1949 256
1971 256
1995 256
2018 256
2042 256
2065 256
2090 256
2115 256
2139 256
2161 256
2184 256
2208 256
2233 256
2255 256
2276 256
2300 256
2325 256
2347 256
2368 256
2393 256
2417 256
2438 256
2464 256
2489 256
2511 256
2533 256
2558 256
2582 256
2607 256
2631 256
2655 256
2680 256
2704 256
2731 256
2756 256
2777 256
2801 256
2826 256
2851 256
2875 257
2900 258
2924 259
2950 260
2976 261
3001 262
3025 263
3051 264
3075 265
3099 266
3123 267
3148 268
3171 269
3193 270
3217 271
3240 272
3263 273
3287 274
3310 275
3336 276
3360 277
3382 278
3407 279
3431 280
3454 281
3477 282
3501 283
3525 284
3548 285
3572 286
3596 287
3620 288
3668 289
3698 290
3724 291
3748 292
3771 293
3795 294
3820 295
3844 296
3869 297
3894 298
3917 299
3943 300
3968 301
3992 302
4014 303
4037 304
4061 305
4084 306
12 306
36 306
59 306
82 306
106 306
129 306
152 306
176 306
200 306
223 306
246 306
281 306
304 306
326 306
347 306
369 306
392 306
415 306
437 306
464 306
489 306
512 306
536 306
562 306
586 306
610 306
635 306
659 306
684 306
708 306
732 306
756 306
780 306
804 306
829 306
853 306
876 306
899 306
924 306
949 306
974 306
998 306
1023 306
1050 306
1075 306
1100 306
1123 306
1146 306
1169 306
1195 306
1219 306
1261 306
1291 306
1319 306
1346 306
1371 306
1395 306
1422 306
1448 306
1473 306
1497 306
1521 306
1545 306
1570 306
1594 306
1618 306
1643 306
1666 306
1691 306
1714 306
1738 306
1760 306
1781 306
1803 306
1822 306
1843 306
1865 306
1887 306
1911 306
1932 306
1953 306
1977 306
1999 306
2022 306
2045 306
2067 306
2091 306
2115 306
2138 306
2160 306
2184 306
2209 306
2233 306
2256 306
2281 306
2305 306
2329 306
2354 306
2380 306
2403 306
2428 306
2456 306
2481 306
2505 306
2529 306
2554 306
2579 306
2605 306
2629 306
2652 306
2679 306
2704 306
2726 306
2749 306
2773 306
2796 306
2819 306
2846 306
2869 306
2893 307
2916 308
2937 309
2960 310
2985 311
3007 312
3029 313
3053 314
3075 315
3098 316
3132 317
3154 318
3173 319
3195 320
3216 321
3239 322
3261 323
3283 324
3306 325
3330 326
3352 327
3376 328
3400 329
3422 330
3446 331
3471 332
3496 333
3519 334
3541 335
3566 336
3593 337
3617 338
3639 339
3665 340
3689 341
3715 342
3738 343
3763 344
3787 345
3826 346
3852 347
3871 348
3894 349
3914 350
3937 351
3958 352
3979 353
4001 354
4023 355
4044 356
4067 357
4089 358
15 358
38 358
59 358
82 358
103 358
125 358
147 358
168 358
191 358
212 358
236 358
259 358
280 358
304 358
328 358
354 358
389 358
416 358
442 358
470 358
497 358
523 358
549 358
575 358
600 358
629 358
659 358
686 358
712 358
776 358
809 358
841 358
873 358
904 358
933 358
960 358
987 358
1016 358
1043 358
1069 358
1095 358
1121 358
1205 358
1219 358
1252 358
1267 358
1283 358
1301 358
1323 358
1344 358
1363 358
1384 358
1407 358
1431 358
1452 358
1473 358
1499 358
1521 358
1543 358
1566 358
1589 358
1614 358
1637 358
1660 358
1683 358
1705 358
1728 358
1752 358
1777 358
1799 358
1824 358
1845 358
1863 358
1881 358
1904 358
1925 358
1945 358
1965 358
1988 358
2011 358
2033 358
2052 358
2072 358
2095 358
2116 358
2137 358
2158 358
2180 358
2200 358
2222 358
2244 358
2266 358
2290 358
2311 358
2330 358
2353 358
2375 358
2398 358
2420 358
2442 358
2467 358
2492 358
2517 358
2542 358
2569 358
2594 358
2617 358
2641 358
2667 358
2692 358
2716 358
2740 358
2766 358
2791 358
2814 358
2839 358
2863 358
2887 359
2911 360
2937 361
2960 362
2984 363
3009 364
3034 365
3058 366
3085 367
3112 368
3136 369
3158 370
3184 371
3219 372
3253 373
3289 374
3329 375
3366 376
3405 377
3442 378
3479 379
3516 380
3550 381
3583 382
3621 383
3656 384
3694 385
3732 386
3770 387
3806 388
3843 389
3897 390
3935 391
3968 392
4000 393
4032 394
4064 395
0 395
28 395
57 395
87 395
116 395
145 395
175 395
203 395
229 395
255 395
288 395
325 395
348 395
366 395
384 395
419 395
460 395
504 395
564 395
627 395
694 395
768 395
854 395
949 395
1057 395
1167 395
1257 395
1327 395
1378 395
1414 395
1450 395
1493 395
1550 395
1606 395
1637 395
1653 395
1670 395
1690 395
1711 395
1729 395
1739 395
1747 395
1761 395
1776 395
1794 395
1815 395
1841 395
1874 395
1907 395
1944 395
1998 395
2041 395
2082 395
2121 395
2161 395
2201 395
2242 395
2282 395
2322 395
2365 395
2409 395
2459 395
2514 395
2582 395
2670 395
2785 395
2912 396
3025 397
3098 398
3140 399
3170 400
3190 401
3188 402
3148 403
3087 404
3013 405
2923 406
2819 406
2706 406
2612 406
2544 406
2495 406
2475 406
2503 406
2596 406
2740 406
2900 407
3041 408
3125 409
3214 410
3420 411
3560 412
3643 413
3643 414
3642 415
3698 416
3753 417
3793 418
3846 419
3922 420
4006 421
4078 422
22 422
48 422
60 422
76 422
95 422
163 422
207 422
253 422
306 422
356 422
406 422
463 422
505 422
541 422
576 422
606 422
633 422
657 422
680 422
704 422
728 422
767 422
794 422
819 422
842 422
863 422
877 422
893 422
912 422
955 422
988 422
1023 422
1060 422
1102 422
1138 422
1178 422
1230 422
1263 422
1199 422
