1275 0
1274 0
1267 0
1247 0
1215 0
1175 0
1127 0
1083 0
1056 0
1051 0
1075 0
1146 0
1235 0
1306 1
1386 2
1502 3
1639 4
1772 5
1911 6
2055 7
2195 8
2322 9
2431 10
2508 11
2556 12
2589 13
2602 14
2607 15
2620 16
2629 17
2634 18
2633 19
2635 20
2642 21
2646 22
2640 23
2636 24
2652 25
2671 26
2690 27
2709 28
2725 29
2742 30
2758 31
2775 32
2781 33
2781 34
2776 35
2770 36
2763 37
2756 38
2752 39
2750 40
2750 41
2751 42
2761 43
2796 44
2904 45
2799 46
2530 47
569 47
569 47
568 47
567 47
566 47
565 47
563 47
561 47
558 47
553 47
550 47
550 47
549 47
548 47
547 47
547 47
547 47
547 47
547 47
727 47
854 47
891 47
910 47
923 47
931 47
935 47
937 47
937 47
934 47
924 47
906 47
782 47
531 47
508 47
506 47
504 47
366 47
280 47
245 47
228 47
225 47
232 47
244 47
258 47
302 47
336 47
339 47
330 47
313 47
293 47
265 47
231 47
192 47
155 47
115 47
69 47
27 47
4087 48
4057 49
4021 50
3985 51
3974 52
3971 53
3967 54
3994 55
3981 56
3965 57
3952 58
3938 59
3921 60
3901 61
3877 62
3848 63
3812 64
3771 65
3732 66
3694 67
3658 68
3624 69
3593 70
3564 71
3542 72
3522 73
3506 74
3494 75
3486 76
3480 77
3474 78
3470 79
3469 80
3468 81
3469 82
3469 83
3469 84
3469 85
3468 86
3467 87
3467 88
3468 89
3470 90
3474 91
3478 92
3480 93
3481 94
3482 95
3481 96
3478 97
3475 98
3470 99
3463 100
3454 101
3442 102
3430 103
3413 104
3392 105
3370 106
3344 107
3318 108
3293 109
3270 110
3248 111
3226 112
3205 113
3188 114
3172 115
3156 116
3142 117
3131 118
3114 119
3097 120
3082 121
3065 122
3044 123
3019 124
2992 125
2964 126
2935 127
2902 128
2873 129
2846 130
2819 131
2793 132
2771 133
2751 134
2730 135
2709 136
2692 137
2677 138
2663 139
2652 140
2646 141
2640 142
2632 143
2624 144
2621 145
2629 146
2646 147
2669 148
2690 149
2702 150
2589 151
2536 152
2527 153
2487 154
638 154
565 154
565 154
564 154
564 154
564 154
564 154
564 154
564 154
563 154
562 154
561 154
561 154
560 154
560 154
560 154
560 154
560 154
560 154
559 154
559 154
559 154
559 154
559 154
559 154
559 154
559 154
537 154
520 154
513 154
510 154
508 154
576 154
637 154
679 154
711 154
739 154
761 154
765 154
749 154
733 154
715 154
697 154
678 154
663 154
652 154
638 154
624 154
611 154
598 154
582 154
563 154
539 154
510 154
478 154
444 154
410 154
376 154
338 154
298 154
259 154
223 154
190 154
159 154
121 154
82 154
49 154
21 154
4093 155
4069 156
4044 157
4014 158
3984 159
3951 160
3916 161
3888 162
3862 163
3837 164
3820 165
3810 166
3796 167
3783 168
3774 169
3761 170
3752 171
3743 172
3733 173
3722 174
3713 175
3705 176
3701 177
3695 178
3689 179
3682 180
3674 181
3666 182
3658 183
3650 184
3643 185
3635 186
3628 187
3619 188
3612 189
3592 190
3577 191
3564 192
3548 193
3534 194
3521 195
3510 196
3497 197
3476 198
3452 199
3428 200
3403 201
3380 202
3354 203
3326 204
3300 205
3274 206
3248 207
3226 208
3202 209
3179 210
3154 211
3130 212
3105 213
3075 214
3045 215
3017 216
2994 217
2967 218
2942 219
2918 220
2893 221
2874 222
2858 223
2845 224
2833 225
2829 226
2843 227
2863 228
2886 229
2910 230
2936 231
2966 232
3037 233
3056 234
3073 235
3093 236
3121 237
3154 238
3193 239
3242 240
3302 241
3382 242
3477 243
3588 244
3687 245
3704 246
3716 247
3721 248
3724 249
3727 250
3736 251
3755 252
3786 253
3839 254
3939 255
112 255
543 255
543 255
543 255
543 255
543 255
543 255
543 255
543 255
543 255
543 255
543 255
543 255
543 255
527 255
515 255
510 255
484 255
417 255
378 255
354 255
339 255
330 255
323 255
317 255
354 255
391 255
436 255
467 255
486 255
500 255
513 255
525 255
536 255
543 255
547 255
548 255
547 255
545 255
543 255
540 255
535 255
529 255
520 255
510 255
502 255
496 255
490 255
481 255
464 255
439 255
401 255
358 255
308 255
263 255
215 255
158 255
95 255
53 255
19 255
4081 256
4045 257
4009 258
3978 259
3948 260
3918 261
3884 262
3853 263
3832 264
3828 265
3827 266
3826 267
3826 268
3826 269
3826 270
3824 271
3821 272
3819 273
3818 274
3817 275
3816 276
3814 277
3801 278
3765 279
3729 280
3702 281
3675 282
3647 283
3617 284
3583 285
3541 286
3504 287
3482 288
3461 289
3434 290
3398 291
3358 292
3320 293
3288 294
3264 295
3246 296
3232 297
3218 298
3201 299
3185 300
3172 301
3163 302
3155 303
3146 304
3127 305
3119 306
3116 307
3108 308
3093 309
3074 310
3050 311
3026 312
3003 313
2986 314
2973 315
2961 316
2951 317
2942 318
2933 319
2926 320
2921 321
2918 322
2918 323
2920 324
2923 325
2928 326
2945 327
2967 328
2990 329
3015 330
3041 331
3067 332
3096 333
3128 334
3163 335
3215 336
3372 337
3568 338
3656 339
3672 340
3692 341
3715 342
3739 343
3778 344
3855 345
4041 346
503 346
547 346
547 346
547 346
547 346
547 346
547 346
547 346
547 346
547 346
547 346
547 346
547 346
547 346
547 346
547 346
547 346
543 346
522 346
514 346
509 346
506 346
505 346
503 346
502 346
478 346
438 346
406 346
386 346
409 346
440 346
465 346
474 346
484 346
494 346
506 346
516 346
525 346
533 346
539 346
543 346
547 346
551 346
553 346
554 346
554 346
552 346
546 346
540 346
525 346
515 346
502 346
481 346
448 346
414 346
372 346
326 346
264 346
194 346
151 346
105 346
64 346
20 346
4066 347
4014 348
3965 349
3929 350
3922 351
3913 352
3901 353
3891 354
3884 355
3880 356
3878 357
3876 358
3874 359
3872 360
3867 361
3861 362
3856 363
3852 364
3851 365
3849 366
3844 367
3837 368
3827 369
3818 370
3811 371
3805 372
3800 373
3796 374
3791 375
3786 376
3776 377
3749 378
3719 379
3683 380
3643 381
3600 382
3559 383
3519 384
3479 385
3440 386
3407 387
3373 388
3340 389
3303 390
3270 391
3247 392
3222 393
3202 394
3190 395
3181 396
3168 397
3150 398
3133 399
3123 400
3119 401
3175 402
3152 403
3124 404
3091 405
3054 406
3005 407
2970 408
2924 409
2885 410
2844 411
2815 412
2803 413
2800 414
2800 415
2881 416
2893 417
2894 418
2995 419
3055 420
3093 421
3124 422
3161 423
3213 424
3280 425
3362 426
3505 427
3697 428
3732 429
3796 430
3944 431
179 431
543 431
544 431
545 431
545 431
546 431
547 431
547 431
547 431
547 431
547 431
547 431
547 431
547 431
547 431
547 431
547 431
547 431
547 431
547 431
547 431
547 431
547 431
547 431
522 431
514 431
509 431
507 431
505 431
503 431
467 431
433 431
401 431
373 431
352 431
353 431
412 431
444 431
458 431
472 431
487 431
500 431
513 431
523 431
530 431
535 431
538 431
539 431
539 431
539 431
534 431
527 431
515 431
499 431
484 431
473 431
458 431
436 431
388 431
348 431
301 431
244 431
191 431
165 431
139 431
111 431
76 431
27 431
4057 432
4002 433
3997 434
3993 435
3987 436
3979 437
3968 438
3955 439
3940 440
3924 441
3910 442
3899 443
3889 444
3881 445
3873 446
3866 447
3860 448
3855 449
3851 450
3848 451
3844 452
3841 453
3837 454
3832 455
3826 456
3822 457
3819 458
3816 459
3812 460
3789 461
3756 462
3713 463
3666 464
3622 465
3577 466
3532 467
3487 468
3446 469
3410 470
3373 471
3339 472
3303 473
3266 474
3237 475
3208 476
3178 477
3148 478
3117 479
3087 480
3060 481
3038 482
3021 483
3031 484
3015 485
3000 486
2988 487
2981 488
2974 489
2970 490
2967 491
2965 492
2962 493
2958 494
2954 495
2953 496
2951 497
2951 498
2953 499
2955 500
2958 501
2965 502
2973 503
2985 504
3002 505
3020 506
3038 507
3058 508
3085 509
3112 510
3142 511
3158 512
3189 513
3218 514
3238 515
3259 516
3280 517
3305 518
3414 519
3617 520
3622 521
3625 522
3628 523
3632 524
3638 525
3644 526
3650 527
3655 528
3657 529
3659 530
3660 531
3663 532
3668 533
3675 534
3683 535
3690 536
3819 537
3949 538
4051 539
35 539
97 539
152 539
194 539
226 539
249 539
265 539
278 539
289 539
300 539
310 539
317 539
321 539
321 539
389 539
422 539
450 539
468 539
485 539
500 539
513 539
526 539
538 539
549 539
559 539
571 539
584 539
595 539
607 539
621 539
637 539
653 539
667 539
678 539
688 539
698 539
710 539
720 539
730 539
737 539
739 539
741 539
836 539
847 539
859 539
868 539
874 539
877 539
867 539
851 539
837 539
841 539
840 539
711 539
569 539
490 539
481 539
491 539
505 539
519 539
533 539
533 539
513 539
463 539
407 539
374 539
345 539
304 539
252 539
182 539
99 539
30 539
4079 540
4044 541
3996 542
3988 543
3986 544
3916 545
3801 546
3699 547
3624 548
3558 549
3498 550
3439 551
3375 552
3304 553
3235 554
3179 555
3135 556
3099 557
3069 558
3042 559
3019 560
3008 561
2999 562
2991 563
2986 564
2984 565
2983 566
2985 567
2986 568
2987 569
3012 570
3009 571
3002 572
2997 573
2993 574
2992 575
2992 576
2995 577
2998 578
3004 579
3012 580
3022 581
3033 582
3044 583
3054 584
3062 585
3070 586
3080 587
3094 588
3108 589
3124 590
3139 591
3156 592
3175 593
3194 594
3217 595
3240 596
3264 597
3288 598
3312 599
3336 600
3359 601
3379 602
3405 603
3434 604
3462 605
3492 606
3521 607
3610 608
3614 609
3617 610
3620 611
3624 612
3630 613
3635 614
3641 615
3647 616
3654 617
3662 618
3669 619
3714 620
3798 621
3894 622
4036 623
159 623
413 623
512 623
512 623
512 623
510 623
508 623
506 623
505 623
504 623
503 623
502 623
502 623
501 623
499 623
493 623
490 623
522 623
562 623
573 623
573 623
588 623
606 623
627 623
646 623
665 623
683 623
702 623
720 623
737 623
754 623
769 623
783 623
799 623
816 623
833 623
849 623
865 623
882 623
896 623
909 623
922 623
939 623
949 623
960 623
972 623
981 623
986 623
1028 623
1099 623
1114 623
1132 623
1153 623
1176 623
1201 623
1223 623
1249 623
1256 623
1232 623
1202 623
1162 623
1107 623
1030 623
930 623
800 623
677 623
598 623
523 623
450 623
406 623
331 623
266 623
174 623
92 623
41 623
10 623
4073 624
4018 625
3945 626
3852 627
3770 628
3694 629
3615 630
3541 631
3458 632
3386 633
3333 634
3284 635
3248 636
3219 637
3189 638
3163 639
3136 640
3108 641
3085 642
3064 643
3046 644
3031 645
3019 646
3011 647
3007 648
3033 649
3029 650
3024 651
3018 652
3015 653
3014 654
3020 655
3030 656
3040 657
3049 658
3057 659
3063 660
3068 661
3076 662
3085 663
3094 664
3102 665
3113 666
3124 667
3138 668
3154 669
3170 670
3186 671
3204 672
3223 673
3244 674
3266 675
3290 676
3314 677
3355 678
3384 679
3413 680
3443 681
3479 682
3512 683
3545 684
3577 685
3613 686
3648 687
3680 688
3714 689
3748 690
3780 691
3809 692
3842 693
3876 694
3908 695
3943 696
3974 697
4000 698
4027 699
4051 700
4068 701
4090 702
19 702
42 702
71 702
97 702
123 702
153 702
179 702
203 702
230 702
258 702
289 702
311 702
333 702
359 702
383 702
406 702
429 702
453 702
477 702
500 702
525 702
548 702
569 702
591 702
612 702
632 702
653 702
674 702
694 702
714 702
734 702
752 702
769 702
789 702
810 702
837 702
873 702
903 702
928 702
953 702
972 702
987 702
1057 702
1128 702
1165 702
1212 702
1268 702
1269 702
1216 702
1180 702
1158 702
1134 702
1106 702
1086 702
1059 702
1035 702
964 702
714 702
509 702
430 702
365 702
278 702
3960 703
3078 704
2820 705
2719 706
2706 707
2772 708
2829 709
2878 710
2910 711
2924 712
2941 713
2943 714
2932 715
2926 716
2928 717
2933 718
2938 719
2938 720
2941 721
2953 722
2970 723
2991 724
3002 725
3011 726
3027 727
3053 728
3086 729
3122 730
3157 731
3192 732
3222 733
3258 734
3293 735
3333 736
3376 737
3425 738
3475 739
3528 740
3579 741
3634 742
3687 743
3742 744
3793 745
3849 746
3900 747
3949 748
3994 749
4028 750
4067 751
13 751
55 751
96 751
135 751
175 751
210 751
249 751
283 751
320 751
358 751
394 751
433 751
473 751
511 751
546 751
581 751
615 751
662 751
693 751
720 751
748 751
781 751
810 751
837 751
863 751
888 751
917 751
946 751
972 751
1111 751
1163 751
1219 751
1272 751
1306 752
1264 752
1175 752
1095 752
1009 752
842 752
597 752
490 752
437 752
418 752
410 752
373 752
294 752
173 752
4062 753
3850 754
3664 755
3460 756
3282 757
3171 758
3099 759
3041 760
3012 761
3010 762
3019 763
3022 764
3026 765
3043 766
3066 767
3087 768
3100 769
3109 770
3118 771
3129 772
3154 773
3166 774
3182 775
3203 776
3227 777
3251 778
3276 779
3299 780
3321 781
3342 782
3364 783
3387 784
3413 785
3442 786
3475 787
