3733 0
3733 0
3735 1
3740 2
3745 3
3751 4
3760 5
3773 6
3789 7
3807 8
3828 9
3847 10
3868 11
3888 12
3906 13
3928 14
3952 15
3980 16
4007 17
4034 18
4062 19
4091 20
24 20
55 20
92 20
120 20
147 20
176 20
205 20
237 20
269 20
306 20
343 20
383 20
423 20
467 20
508 20
568 20
614 20
645 20
669 20
687 20
708 20
730 20
759 20
790 20
819 20
842 20
864 20
890 20
914 20
937 20
959 20
977 20
994 20
1011 20
1025 20
1081 20
1110 20
1143 20
1194 20
1217 20
1239 20
1270 20
1303 20
1321 20
1340 20
1361 20
1383 20
1403 20
1421 20
1437 20
1455 20
1475 20
1496 20
1522 20
1543 20
1568 20
1592 20
1616 20
1638 20
1661 20
1681 20
1702 20
1721 20
1741 20
1761 20
1781 20
1799 20
1818 20
1838 20
1858 20
1878 20
1903 20
1933 20
1965 20
2001 20
2043 20
2091 20
2144 20
2199 20
2260 20
2320 20
2389 20
2463 20
2551 20
2653 20
2755 20
2860 20
2963 20
3045 20
3112 20
3166 20
3208 20
3245 20
3283 20
3319 20
3341 20
3354 20
3361 20
3371 20
3384 20
3400 20
3416 20
3428 20
3436 20
3445 20
3455 20
3467 20
3482 20
3497 20
3510 20
3521 20
3532 20
3544 20
3555 20
3567 20
3579 20
3591 20
3605 20
3617 20
3629 20
3639 20
3649 20
3661 20
3675 20
3688 20
3701 20
3714 20
3728 20
3742 21
3757 22
3776 23
3795 24
3813 25
3830 26
3849 27
3870 28
3893 29
3917 30
3942 31
3970 32
3997 33
4022 34
4048 35
4078 36
10 36
39 36
70 36
87 36
106 36
130 36
157 36
209 36
240 36
273 36
311 36
350 36
393 36
453 36
510 36
565 36
619 36
655 36
687 36
716 36
746 36
776 36
804 36
831 36
857 36
881 36
905 36
929 36
951 36
970 36
988 36
1008 36
1075 36
1108 36
1140 36
1183 36
1204 36
1226 36
1249 36
1272 36
1297 36
1320 36
1342 36
1364 36
1384 36
1404 36
1423 36
1443 36
1477 36
1495 36
1513 36
1529 36
1543 36
1554 36
1563 36
1571 36
1579 36
1590 36
1607 36
1626 36
1647 36
1661 36
1676 36
1695 36
1725 36
1765 36
1806 36
1842 36
1869 36
1894 36
1922 36
1951 36
1984 36
2020 36
2056 36
2095 36
2143 36
2197 36
2257 36
2331 36
2418 36
2499 36
2590 36
2667 36
2729 36
2785 36
2830 36
2902 36
2957 36
3013 36
3066 36
3122 36
3174 36
3214 36
3244 36
3264 36
3285 36
3310 36
3334 36
3354 36
3374 36
3385 36
3393 36
3404 36
3418 36
3435 36
3452 36
3470 36
3483 36
3497 36
3509 36
3523 36
3537 36
3552 36
3566 36
3581 36
3595 36
3608 36
3621 36
3636 36
3654 36
3671 36
3685 36
3697 36
3711 36
3724 36
3735 37
3748 38
3761 39
3778 40
3795 41
3811 42
3827 43
3846 44
3866 45
3888 46
3912 47
3936 48
3960 49
3986 50
4012 51
4038 52
4067 53
3 53
36 53
62 53
79 53
100 53
123 53
148 53
172 53
195 53
248 53
273 53
296 53
335 53
384 53
429 53
476 53
527 53
580 53
631 53
680 53
725 53
748 53
769 53
791 53
814 53
836 53
860 53
885 53
908 53
931 53
952 53
977 53
1018 53
1048 53
1078 53
1105 53
1132 53
1157 53
1185 53
1214 53
1242 53
1270 53
1297 53
1325 53
1352 53
1378 53
1404 53
1429 53
1454 53
1480 53
1507 53
1534 53
1560 53
1587 53
1613 53
1637 53
1662 53
1686 53
1709 53
1732 53
1753 53
1774 53
1794 53
1827 53
1863 53
1888 53
1911 53
1933 53
1955 53
1979 53
2006 53
2034 53
2064 53
2096 53
2128 53
2161 53
2201 53
2251 53
2305 53
2362 53
2424 53
2493 53
2561 53
2626 53
2681 53
2724 53
2763 53
2804 53
2844 53
2884 53
2926 53
2967 53
3025 53
3075 53
3125 53
3177 53
3229 53
3278 53
3314 53
3336 53
3351 53
3366 53
3380 53
3395 53
3408 53
3422 53
3435 53
3448 53
3461 53
3475 53
3492 53
3509 53
3529 53
3550 53
3569 53
3591 53
3609 53
3627 53
3646 53
3667 53
3689 53
3714 53
3736 54
3755 55
3773 56
3791 57
3810 58
3830 59
3849 60
3865 61
3882 62
3900 63
3919 64
3940 65
3963 66
3987 67
4013 68
4040 69
4066 70
4093 71
23 71
50 71
79 71
105 71
131 71
158 71
187 71
215 71
243 71
270 71
299 71
331 71
364 71
399 71
433 71
469 71
503 71
539 71
578 71
615 71
650 71
681 71
711 71
742 71
773 71
804 71
833 71
868 71
897 71
924 71
950 71
976 71
1001 71
1027 71
1052 71
1077 71
1103 71
1129 71
1157 71
1183 71
1209 71
1244 71
1276 71
1307 71
1334 71
1359 71
1384 71
1408 71
1433 71
1461 71
1488 71
1530 71
1554 71
1578 71
1600 71
1624 71
1646 71
1668 71
1690 71
1709 71
1728 71
1752 71
1776 71
1801 71
1827 71
1854 71
1882 71
1909 71
1937 71
1967 71
2005 71
2036 71
2066 71
2093 71
2119 71
2145 71
2171 71
2199 71
2230 71
2261 71
2271 71
2271 71
2358 71
2407 71
2452 71
2496 71
2521 71
2539 71
2553 71
2558 71
2570 71
2583 71
2597 71
2615 71
2642 71
2678 71
2723 71
2777 71
2830 71
2886 71
2946 71
3009 71
3072 71
3135 71
3201 71
3266 71
3325 71
3383 71
3440 71
3496 71
3552 71
3609 71
3662 71
3705 71
3733 71
3733 71
3733 71
3736 72
3732 72
3709 72
3683 72
3667 72
3663 72
3697 72
3675 72
3676 72
3694 72
3713 72
3735 73
3762 74
3794 75
3825 76
3852 77
3876 78
3900 79
3928 80
3957 81
3987 82
4017 83
4047 84
4079 85
14 85
45 85
79 85
110 85
139 85
163 85
188 85
213 85
236 85
259 85
283 85
309 85
337 85
364 85
391 85
419 85
448 85
477 85
520 85
546 85
572 85
600 85
628 85
656 85
683 85
711 85
739 85
767 85
796 85
825 85
854 85
882 85
909 85
936 85
967 85
997 85
1025 85
1052 85
1079 85
1108 85
1137 85
1164 85
1191 85
1219 85
1247 85
1275 85
1303 85
1333 85
1363 85
1393 85
1425 85
1454 85
1482 85
1510 85
1539 85
1569 85
1600 85
1630 85
1659 85
1688 85
1716 85
1744 85
1772 85
1840 85
1873 85
1905 85
1934 85
1963 85
1991 85
2022 85
2054 85
2083 85
2110 85
2139 85
2167 85
2213 85
2237 85
2260 85
2286 85
2313 85
2339 85
2364 85
2388 85
2413 85
2439 85
2465 85
2492 85
2518 85
2545 85
2570 85
2597 85
2624 85
2651 85
2679 85
2706 85
2736 85
2766 85
2795 85
2829 85
2862 85
2890 85
2919 85
2947 85
2993 85
3021 85
3048 85
3075 85
3101 85
3125 85
3155 85
3314 85
3499 85
3563 85
3609 85
3656 85
3702 85
3717 85
3717 85
3717 85
3713 85
3707 85
3703 85
3700 85
3698 85
3695 85
3691 85
3688 85
3684 85
3681 85
3701 85
3741 86
3779 87
3815 88
3853 89
3890 90
3971 91
4047 92
4081 93
11 93
36 93
64 93
92 93
121 93
147 93
169 93
190 93
212 93
233 93
253 93
276 93
299 93
321 93
344 93
367 93
391 93
415 93
439 93
468 93
498 93
526 93
552 93
576 93
599 93
622 93
647 93
674 93
702 93
730 93
757 93
786 93
815 93
846 93
878 93
908 93
938 93
971 93
1003 93
1033 93
1062 93
1091 93
1120 93
1150 93
1186 93
1217 93
1249 93
1278 93
1307 93
1335 93
1362 93
1391 93
1420 93
1448 93
1477 93
1506 93
1550 93
1583 93
1614 93
1643 93
1671 93
1700 93
1729 93
1757 93
1785 93
1814 93
1843 93
1871 93
1900 93
1928 93
1955 93
1982 93
2009 93
2037 93
2064 93
2092 93
2119 93
2148 93
2177 93
2203 93
2231 93
2259 93
2287 93
2313 93
2342 93
2369 93
2395 93
2423 93
2452 93
2476 93
2499 93
2524 93
2549 93
2576 93
2603 93
2630 93
2656 93
2680 93
2707 93
2770 93
2830 93
2757 93
2796 93
2837 93
2880 93
2935 93
2999 93
3065 93
3149 93
3244 93
3363 93
3496 93
3646 93
3788 94
3891 95
3902 96
3911 97
3925 98
3944 99
3972 100
4011 101
4064 102
8 102
30 102
30 102
33 102
39 102
21 102
4078 103
4009 104
3938 105
3889 106
3851 107
3824 108
3856 109
3899 110
3930 111
3959 112
3985 113
4013 114
4042 115
4071 116
4095 117
23 117
44 117
160 117
210 117
239 117
257 117
271 117
286 117
302 117
320 117
340 117
359 117
378 117
396 117
415 117
433 117
452 117
472 117
491 117
512 117
535 117
556 117
580 117
606 117
632 117
658 117
685 117
713 117
741 117
769 117
800 117
831 117
879 117
909 117
938 117
968 117
1000 117
1031 117
1059 117
1088 117
1117 117
1146 117
1174 117
1202 117
1230 117
1258 117
1285 117
1313 117
1343 117
1373 117
1400 117
1428 117
1455 117
1482 117
1510 117
1539 117
1568 117
1594 117
1623 117
1652 117
1680 117
1707 117
1736 117
1768 117
1799 117
1829 117
1858 117
1884 117
1925 117
1958 117
1988 117
2015 117
2041 117
2067 117
2095 117
2124 117
2153 117
2182 117
2209 117
2234 117
2259 117
2287 117
2314 117
2340 117
2370 117
2395 117
2416 117
2490 117
2552 117
2553 117
2553 117
2554 117
2554 117
2555 117
2556 117
2556 117
2567 117
2586 117
2598 117
2607 117
2630 117
2661 117
2705 117
2787 117
2922 117
3126 117
3401 117
3625 117
3755 118
3840 119
3882 120
3898 121
3867 122
3838 123
3805 124
3776 125
3755 126
3739 127
3727 127
3717 127
3708 127
3699 127
3690 127
3685 127
3702 127
3734 128
3763 129
3788 130
3812 131
3832 132
3851 133
3874 134
3952 135
3991 136
4007 137
4023 138
4036 139
4051 140
4068 141
4085 142
7 142
27 142
48 142
69 142
92 142
118 142
142 142
166 142
190 142
213 142
236 142
258 142
279 142
299 142
319 142
340 142
361 142
381 142
405 142
431 142
459 142
488 142
517 142
550 142
583 142
615 142
644 142
675 142
707 142
740 142
774 142
804 142
833 142
864 142
894 142
923 142
952 142
981 142
1013 142
1043 142
1086 142
1116 142
1147 142
1177 142
1205 142
1233 142
1262 142
1290 142
1318 142
1345 142
1370 142
1399 142
1428 142
1455 142
1481 142
1508 142
1535 142
1562 142
1588 142
1613 142
1638 142
1663 142
1689 142
1713 142
1738 142
1763 142
1788 142
1812 142
1837 142
1863 142
1889 142
1912 142
1934 142
1959 142
1985 142
2010 142
2033 142
2055 142
2075 142
2096 142
2118 142
2180 142
2215 142
2247 142
2254 142
2286 142
2517 142
2543 142
2553 142
2553 142
2554 142
2555 142
2557 142
2559 142
2561 142
2563 142
2566 142
2570 142
2578 142
2586 142
2603 142
2649 142
2843 142
169 142
363 142
376 142
316 142
292 142
215 142
160 142
88 142
39 142
4075 143
4013 144
3957 145
3900 146
3852 147
3817 148
3793 149
3771 150
3751 151
3735 152
3719 152
3733 152
3756 153
3780 154
3803 155
3824 156
3868 157
3854 158
3863 159
3874 160
3892 161
3915 162
3938 163
3959 164
3977 165
3995 166
4016 167
4039 168
4063 169
4086 170
13 170
37 170
59 170
80 170
103 170
129 170
154 170
177 170
199 170
220 170
242 170
265 170
288 170
312 170
336 170
359 170
385 170
413 170
441 170
468 170
499 170
530 170
558 170
586 170
617 170
647 170
677 170
707 170
736 170
769 170
801 170
831 170
863 170
899 170
931 170
961 170
991 170
1020 170
1048 170
1076 170
1107 170
1137 170
1165 170
1192 170
1220 170
1249 170
1278 170
1314 170
1348 170
1375 170
1401 170
1427 170
1454 170
1482 170
1511 170
1539 170
1567 170
1594 170
1623 170
1651 170
1678 170
1705 170
1733 170
1761 170
1789 170
1815 170
1841 170
1868 170
1896 170
1921 170
1945 170
1969 170
1995 170
2019 170
2043 170
2081 170
2108 170
2133 170
2156 170
2176 170
2196 170
2218 170
2239 170
2262 170
2285 170
2305 170
2325 170
2334 170
2373 170
2535 170
2552 170
2554 170
2555 170
2557 170
2559 170
2562 170
2565 170
2569 170
2574 170
2585 170
2605 170
2652 170
2890 170
3965 171
269 171
392 171
436 171
453 171
455 171
446 171
408 171
352 171
284 171
198 171
107 171
26 171
4035 172
3978 173
3939 174
3912 175
3890 176
3869 177
3850 178
3829 179
3811 180
3800 181
3791 182
3799 183
3829 184
3854 185
3876 186
3891 187
3908 188
3928 189
3959 190
3977 191
3993 192
4042 193
34 193
50 193
60 193
73 193
87 193
101 193
116 193
130 193
145 193
162 193
182 193
202 193
221 193
242 193
263 193
285 193
307 193
329 193
353 193
375 193
395 193
413 193
432 193
450 193
469 193
489 193
511 193
538 193
566 193
594 193
621 193
646 193
672 193
702 193
734 193
766 193
797 193
832 193
863 193
894 193
924 193
954 193
986 193
1021 193
1054 193
1085 193
1107 193
1132 193
1159 193
1187 193
1218 193
1250 193
1282 193
1314 193
1347 193
1381 193
1418 193
1450 193
1480 193
1508 193
1537 193
1564 193
1590 193
1617 193
1644 193
1671 193
1698 193
1725 193
1752 193
1779 193
1808 193
1838 193
1865 193
1891 193
1916 193
1942 193
1967 193
1992 193
2016 193
2040 193
2062 193
2085 193
2107 193
2128 193
2148 193
2181 193
2200 193
2236 193
2261 193
2287 193
2308 193
2322 193
2332 193
2347 193
2365 193
2390 193
2382 193
2511 193
2534 193
2553 193
2555 193
2557 193
2560 193
2563 193
2569 193
2580 193
2615 193
3863 194
407 194
450 194
458 194
458 194
458 194
453 194
446 194
410 194
322 194
268 194
225 194
149 194
40 194
11 194
4057 195
3981 196
3933 197
3981 198
4024 199
4054 200
4079 201
9 201
61 201
128 201
189 201
219 201
241 201
289 201
348 201
362 201
375 201
388 201
407 201
432 201
456 201
482 201
510 201
539 201
572 201
609 201
648 201
