870 1
871 2
874 3
884 4
900 5
920 6
940 7
961 8
983 9
1006 10
1028 11
1052 12
1074 13
1096 14
1121 15
1150 16
1179 17
1212 18
1244 19
1278 20
1309 21
1340 22
1375 23
1409 24
1441 25
1474 26
1507 27
1539 28
1571 29
1621 30
1656 31
1688 32
1719 33
1752 34
1784 35
1818 36
1849 37
1880 38
1911 39
1941 40
1973 41
2004 42
2034 43
2067 44
2098 45
2127 46
2156 47
2189 48
2219 49
2246 50
2274 51
2301 52
2327 53
2351 54
2374 55
2395 56
2416 57
2451 58
2479 59
2497 60
2509 61
2520 62
2535 63
2556 64
2584 65
2614 66
2661 67
2677 68
2689 69
2707 70
2717 71
2730 72
2745 73
2755 74
2845 75
3340 76
201 76
407 76
452 76
458 76
459 76
461 76
463 76
477 76
499 76
524 76
549 76
574 76
590 76
609 76
650 76
722 76
772 76
800 76
827 76
864 76
902 77
940 78
973 79
1003 80
1035 81
1068 82
1074 83
1040 84
1015 85
999 86
991 87
984 88
976 89
965 90
955 91
945 92
931 93
915 94
903 95
890 96
852 96
818 96
786 96
756 96
733 96
716 96
703 96
696 96
694 96
693 96
695 96
699 96
701 96
703 96
708 96
714 96
722 96
730 96
738 96
745 96
752 96
758 96
762 96
773 96
785 96
796 96
810 96
830 96
953 97
967 98
1027 99
1088 100
1134 101
1135 102
1116 103
1123 104
1164 105
1202 106
1243 107
1284 108
1317 109
1343 110
1367 111
1384 112
1399 113
1415 114
1433 115
1456 116
1482 117
1508 118
1529 119
1499 120
1451 121
1407 122
1040 123
541 123
541 123
541 123
541 123
541 123
541 123
541 123
541 123
542 123
543 123
543 123
543 123
630 123
2375 124
2496 125
2521 126
2532 127
2540 128
2605 129
2653 130
2690 131
2726 132
2757 133
2783 134
2855 135
2870 136
2843 137
2845 138
2853 139
2861 140
2867 141
2871 142
2873 143
2873 144
2872 145
2870 146
2869 147
2877 148
2880 149
2878 150
2866 151
2858 152
2867 153
2879 154
3041 155
3103 156
3118 157
3137 158
3166 159
3205 160
3249 161
3321 162
3551 163
3974 164
278 164
439 164
459 164
459 164
459 164
459 164
459 164
459 164
459 164
459 164
459 164
459 164
459 164
459 164
459 164
459 164
459 164
459 164
459 164
459 164
464 164
471 164
476 164
479 164
482 164
484 164
486 164
488 164
489 164
492 164
504 164
519 164
540 164
572 164
605 164
674 164
711 164
723 164
739 164
754 164
770 164
790 164
812 164
836 164
859 164
883 165
912 166
940 167
966 168
995 169
1024 170
1051 171
1078 172
1105 173
1133 174
1161 175
1191 176
1220 177
1250 178
1281 179
1312 180
1342 181
1374 182
1407 183
1438 184
1468 185
1497 186
1528 187
1560 188
1590 189
1619 190
1653 191
1684 192
1715 193
1747 194
1778 195
1807 196
1838 197
1868 198
1899 199
1929 200
1959 201
1990 202
2021 203
2051 204
2082 205
2112 206
2143 207
2173 208
2202 209
2233 210
2264 211
2294 212
2324 213
2356 214
2387 215
2419 216
2453 217
2485 218
2516 219
2568 220
2604 221
2637 222
2670 223
2704 224
2738 225
2772 226
2805 227
2838 228
2872 229
2906 230
2939 231
2972 232
3006 233
3039 234
3072 235
3106 236
3139 237
3173 238
3201 239
3228 240
3261 241
3297 242
3333 243
3367 244
3404 245
3435 246
3461 247
3490 248
3516 249
3544 250
3571 251
3597 252
3621 253
3646 254
3668 255
3692 256
3713 257
3734 258
3755 259
3779 260
3801 261
3822 262
3842 263
3863 264
3886 265
3915 266
3934 267
3952 268
3974 269
3997 270
4022 271
4053 272
4075 273
44 273
67 273
89 273
172 273
350 273
469 273
486 273
487 273
487 273
487 273
487 273
487 273
487 273
487 273
487 273
487 273
487 273
487 273
487 273
487 273
487 273
487 273
487 273
519 273
590 273
701 273
786 273
865 273
943 274
1013 275
1073 276
1125 277
1173 278
1220 279
1264 280
1298 281
1332 282
1382 283
1433 284
1478 285
1520 286
1551 287
1584 288
1585 289
1622 290
1639 291
1656 292
1674 293
1691 294
1710 295
1729 296
1749 297
1768 298
1792 299
1817 300
1841 301
1865 302
1888 303
1913 304
1940 305
1967 306
1997 307
2028 308
2059 309
2087 310
2119 311
2153 312
2188 313
2221 314
2251 315
2282 316
2316 317
2350 318
2381 319
2412 320
2446 321
2477 322
2506 323
2540 324
2572 325
2601 326
2632 327
2663 328
2693 329
2724 330
2753 331
2784 332
2813 333
2841 334
2869 335
2897 336
2925 337
2953 338
2980 339
3019 340
3047 341
3077 342
3105 343
3133 344
3160 345
3188 346
3215 347
3244 348
3272 349
3303 350
3332 351
3362 352
3394 353
3427 354
3459 355
3493 356
3529 357
3565 358
3604 359
3665 360
3703 361
3740 362
3775 363
3870 364
3910 365
3940 366
3967 367
4006 368
4069 369
24 369
68 369
103 369
136 369
170 369
211 369
248 369
284 369
323 369
348 369
372 369
394 369
417 369
438 369
458 369
479 369
498 369
516 369
536 369
556 369
576 369
595 369
615 369
637 369
658 369
680 369
706 369
737 369
763 369
790 369
816 369
845 369
875 370
910 371
943 372
975 373
1007 374
1039 375
1076 376
1109 377
1133 378
1161 379
1191 380
1225 381
1236 382
1328 383
1469 384
1467 385
1467 386
1467 387
1469 388
1470 389
1471 390
1473 391
1475 392
1476 393
1523 394
1598 395
1671 396
1742 397
1855 398
1920 399
1913 400
1938 401
1964 402
1990 403
2016 404
2040 405
2064 406
2085 407
2103 408
2119 409
2134 410
2147 411
2158 412
2168 413
2175 414
2179 415
2180 416
2178 417
2171 418
2157 419
2141 420
2123 421
2118 422
2151 423
2133 424
2102 425
2022 426
1918 427
1763 428
1540 429
1236 430
1007 431
911 432
878 433
849 433
831 433
824 433
823 433
823 433
826 433
834 433
852 433
873 434
896 435
915 436
936 437
959 438
982 439
1010 440
1035 441
1031 442
1017 443
1002 444
991 445
978 446
965 447
953 448
942 449
929 450
918 451
907 452
897 453
887 454
870 455
852 455
800 455
744 455
694 455
646 455
604 455
564 455
528 455
496 455
471 455
452 455
439 455
422 455
408 455
395 455
385 455
376 455
370 455
365 455
363 455
362 455
365 455
370 455
380 455
392 455
401 455
410 455
423 455
440 455
460 455
479 455
502 455
502 455
502 455
502 455
503 455
509 455
521 455
521 455
521 455
521 455
521 455
521 455
521 455
521 455
521 455
521 455
521 455
521 455
612 455
1023 456
1221 457
1307 458
1363 459
1396 460
1417 461
1432 462
1444 463
1453 464
1475 465
1592 466
1684 467
1755 468
1812 469
1857 470
1921 471
1988 472
2008 473
2025 474
2040 475
2053 476
2065 477
2077 478
2087 479
2094 480
2100 481
2105 482
2107 483
2108 484
2108 485
2105 486
2097 487
2087 488
2075 489
2062 490
2046 491
2102 492
2086 493
2063 494
2030 495
1982 496
1910 497
1814 498
1687 499
1501 500
1315 501
1162 502
1082 503
1066 504
1055 505
1047 506
1046 507
1045 508
1044 509
1048 510
1051 511
1059 512
1070 513
1076 514
1067 515
1054 516
1044 517
1034 518
1025 519
1015 520
1007 521
998 522
989 523
980 524
972 525
963 526
955 527
945 528
936 529
927 530
918 531
908 532
899 533
886 534
870 535
827 535
770 535
721 535
672 535
619 535
572 535
538 535
506 535
479 535
458 535
433 535
415 535
400 535
388 535
378 535
370 535
365 535
362 535
360 535
360 535
363 535
368 535
375 535
384 535
394 535
406 535
416 535
430 535
449 535
471 535
499 535
545 535
501 535
501 535
501 535
501 535
501 535
501 535
501 535
503 535
508 535
597 535
863 535
1050 536
1156 537
1236 538
1304 539
1344 540
1371 541
1390 542
1407 543
1420 544
1432 545
1441 546
1448 547
1454 548
1459 549
1464 550
1468 551
1471 552
1474 553
1546 554
1633 555
1704 556
1789 557
1878 558
1884 559
1908 560
1935 561
1962 562
1988 563
2012 564
2035 565
2058 566
2082 567
2107 568
2132 569
2157 570
2183 571
2208 572
2232 573
2256 574
2280 575
2303 576
2326 577
2349 578
2372 579
2395 580
2417 581
2441 582
2462 583
2485 584
2508 585
2532 586
2559 587
2584 588
2607 589
2648 590
2718 591
2643 592
2664 593
2687 594
2724 595
2769 596
2824 597
2909 598
3042 599
3226 600
3426 601
3633 602
3793 603
3891 604
3931 605
3919 606
3905 607
3897 608
3894 609
3888 610
3876 611
3869 612
3860 613
3850 614
3842 615
3835 616
3828 617
3820 618
3812 619
3805 620
3798 621
3790 622
3785 623
3777 624
3782 625
3846 626
3904 627
3961 628
4016 629
4064 630
10 630
51 630
87 630
118 630
146 630
173 630
198 630
255 630
301 630
348 630
372 630
395 630
419 630
443 630
466 630
489 630
513 630
538 630
563 630
590 630
617 630
644 630
671 630
698 630
724 630
750 630
779 630
808 630
837 630
864 630
891 631
920 632
948 633
976 634
1003 635
1032 636
1061 637
1088 638
1116 639
1177 640
1210 641
1243 642
1273 643
1304 644
1334 645
1365 646
1396 647
1426 648
1457 649
1488 650
1521 651
1553 652
1584 653
1613 654
1641 655
1668 656
1695 657
1726 658
1757 659
1789 660
1823 661
1854 662
1887 663
1919 664
1950 665
1983 666
2015 667
2045 668
2077 669
2108 670
2139 671
2170 672
2203 673
2236 674
2265 675
2296 676
2327 677
2357 678
2389 679
2432 680
2460 681
2485 682
2514 683
2543 684
2570 685
2602 686
2630 687
2655 688
2684 689
2711 690
2737 691
2764 692
2793 693
2820 694
2845 695
2871 696
2898 697
2925 698
2950 699
2976 700
3003 701
3029 702
3053 703
3079 704
3106 705
3132 706
3159 707
3187 708
3215 709
3243 710
3274 711
3307 712
3338 713
3369 714
3403 715
3434 716
3488 717
3527 718
3664 719
3689 720
3691 721
3694 722
3698 723
3702 724
3706 725
3709 726
3714 727
3719 728
3752 729
3819 730
3888 731
3952 732
4015 733
4078 734
40 734
92 734
138 734
181 734
221 734
258 734
289 734
319 734
345 734
333 734
401 734
436 734
465 734
494 734
522 734
550 734
580 734
609 734
637 734
664 734
690 734
716 734
740 734
766 734
795 734
822 734
849 734
875 735
905 736
933 737
961 738
988 739
1015 740
1043 741
1086 742
1114 743
1142 744
1172 745
1201 746
1230 747
1258 748
1288 749
1321 750
1351 751
1381 752
1410 753
1440 754
1471 755
1502 756
1534 757
1566 758
1597 759
1627 760
1659 761
1690 762
1722 763
1752 764
1785 765
1849 766
1877 767
1903 768
1928 769
1954 770
1982 771
2015 772
2046 773
2075 774
2103 775
2132 776
2162 777
2192 778
2223 779
2253 780
2282 781
2313 782
2343 783
2372 784
2403 785
2433 786
2462 787
2492 788
2521 789
2551 790
2581 791
2611 792
2638 793
2670 794
2700 795
2727 796
2752 797
2779 798
2807 799
2850 800
2876 801
2899 802
2925 803
2949 804
2974 805
3000 806
3024 807
3049 808
3076 809
3101 810
3127 811
3154 812
3180 813
3211 814
3239 815
3266 816
3295 817
3326 818
3355 819
3387 820
3419 821
3451 822
3485 823
3542 824
3576 825
3613 826
3649 827
3706 828
3686 829
3696 830
3700 831
3704 832
3708 833
3724 834
3786 835
3854 836
3918 837
3976 838
4037 839
2 839
56 839
105 839
154 839
196 839
233 839
267 839
299 839
327 839
350 839
333 839
404 839
439 839
466 839
496 839
526 839
555 839
585 839
614 839
642 839
670 839
700 839
731 839
760 839
787 839
814 839
840 839
866 839
895 840
923 841
953 842
982 843
1010 844
1039 845
1065 846
1092 847
1118 848
1146 849
1178 850
1209 851
1239 852
1267 853
1294 854
1321 855
1348 856
1377 857
1406 858
1436 859
1466 860
1516 861
1548 862
1582 863
1614 864
1646 865
1680 866
1714 867
1746 868
1777 869
1808 870
1838 871
1869 872
1901 873
1933 874
1964 875
1995 876
2028 877
2059 878
2089 879
2121 880
2152 881
2183 882
2215 883
2246 884
2277 885
2310 886
2341 887
2370 888
2404 889
2435 890
2464 891
2495 892
2525 893
2556 894
2586 895
2628 896
2671 897
2720 898
2771 899
2815 900
2861 901
2905 902
2949 903
2991 904
3035 905
3077 906
3118 907
3164 908
3206 909
3253 910
3321 911
3376 912
3430 913
3509 914
3681 915
3692 916
3698 917
3704 918
3711 919
3718 920
3742 921
3848 922
3958 923
4058 924
60 924
136 924
197 924
254 924
302 924
342 924
394 924
445 924
493 924
537 924
581 924
625 924
667 924
711 924
753 924
798 924
843 924
886 925
929 926
975 927
1020 928
1065 929
1114 930
1159 931
1203 932
1244 933
1289 934
1333 935
1379 936
1428 937
1475 938
1522 939
1570 940
1620 941
1668 942
1719 943
1769 944
1819 945
1867 946
1917 947
1964 948
2010 949
2083 950
2136 951
2185 952
2235 953
2284 954
2335 955
2382 956
2434 957
2480 958
2544 959
2599 960
2645 961
2691 962
2736 963
2781 964
2825 965
2867 966
2907 967
2971 968
3008 969
3041 970
3081 971
3120 972
3161 973
3205 974
3249 975
3296 976
3364 977
3513 978
3694 979
3698 980
3702 981
3706 982
3711 983
3717 984
3722 985
3729 986
3763 987
3889 988
4003 989
7 989
93 989
162 989
228 989
276 989
304 989
407 989
451 989
494 989
538 989
581 989
623 989
667 989
708 989
756 989
798 989
828 989
857 989
885 990
912 991
939 992
966 993
994 994
1023 995
1053 996
1082 997
1109 998
1135 999
1162 1000
1189 1001
