1364 0
1365 1
1367 2
1382 3
1396 4
1417 5
1441 6
1463 7
1489 8
1516 9
1544 10
1572 11
1601 12
1631 13
1661 14
1691 15
1731 16
1763 17
1797 18
1829 19
1862 20
1895 21
1926 22
1957 23
1990 24
2023 25
2053 26
2084 27
2116 28
2147 29
2177 30
2207 31
2237 32
2266 33
2295 34
2324 35
2352 36
2380 37
2407 38
2435 39
2461 40
2488 41
2513 42
2541 43
2567 44
2591 45
2621 46
2645 47
2668 48
2694 49
2721 50
2756 51
2806 52
2926 53
2882 54
2930 55
3049 56
3173 57
3320 58
3495 59
3686 60
3856 61
3900 62
3898 63
3892 64
3892 65
3897 66
3898 67
3896 68
3891 69
3889 70
3885 71
3884 72
3880 73
3874 74
3866 75
3861 76
3850 77
3845 78
3832 79
3824 80
3842 81
3934 82
4016 83
4080 84
34 84
82 84
119 84
151 84
183 84
213 84
242 84
285 84
360 84
403 84
425 84
446 84
467 84
488 84
508 84
529 84
550 84
573 84
595 84
629 84
654 84
679 84
705 84
731 84
761 84
790 84
819 84
848 84
878 84
911 84
942 84
973 84
1006 84
1039 84
1072 84
1106 84
1139 84
1172 84
1204 84
1239 84
1272 84
1306 84
1339 84
1375 85
1410 86
1442 87
1475 88
1510 89
1544 90
1580 91
1617 92
1655 93
1691 94
1726 95
1760 96
1792 97
1826 98
1861 99
1893 100
1929 101
1963 102
1996 103
2029 104
2063 105
2096 106
2126 107
2163 108
2196 109
2226 110
2253 111
2282 112
2312 113
2342 114
2371 115
2399 116
2426 117
2454 118
2481 119
2508 120
2533 121
2562 122
2588 123
2612 124
2639 125
2662 126
2687 127
2713 128
2739 129
2800 130
2916 131
2874 132
2918 133
2973 134
3044 135
3146 136
3265 137
3402 138
3585 139
3753 140
3871 141
3877 142
3878 143
3878 144
3880 145
3885 146
3887 147
3887 148
3886 149
3886 150
3888 151
3889 152
3888 153
3884 154
3881 155
3875 156
3872 157
3867 158
3858 159
3849 160
3842 161
3920 162
3998 163
4068 164
29 164
116 164
153 164
186 164
216 164
252 164
290 164
361 164
401 164
419 164
438 164
458 164
478 164
501 164
534 164
555 164
577 164
601 164
624 164
648 164
674 164
699 164
726 164
754 164
782 164
812 164
841 164
870 164
903 164
935 164
966 164
998 164
1033 164
1066 164
1099 164
1132 164
1167 164
1200 164
1233 164
1270 164
1306 164
1341 164
1374 165
1406 166
1440 167
1476 168
1511 169
1546 170
1579 171
1614 172
1649 173
1682 174
1718 175
1752 176
1785 177
1819 178
1853 179
1886 180
1920 181
1955 182
1988 183
2019 184
2054 185
2087 186
2118 187
2149 188
2181 189
2212 190
2242 191
2273 192
2304 193
2334 194
2364 195
2396 196
2426 197
2454 198
2484 199
2512 200
2540 201
2567 202
2594 203
2620 204
2647 205
2672 206
2697 207
2725 208
2752 209
2776 210
2817 211
2943 212
2935 213
2989 214
3060 215
3139 216
3231 217
3343 218
3477 219
3607 220
3732 221
3819 222
3823 223
3824 224
3827 225
3831 226
3834 227
3834 228
3834 229
3834 230
3838 231
3839 232
3839 233
3839 234
3839 235
3839 236
3837 237
3834 238
3827 239
3824 240
3836 241
3929 242
4008 243
4075 244
32 244
77 244
115 244
148 244
179 244
208 244
237 244
280 244
354 244
399 244
421 244
443 244
465 244
487 244
508 244
530 244
552 244
575 244
598 244
620 244
644 244
669 244
694 244
720 244
747 244
777 244
806 244
835 244
864 244
896 244
928 244
960 244
991 244
1024 244
1057 244
1091 244
1123 244
1157 244
1191 244
1225 244
1260 244
1298 244
1329 244
1359 244
1386 245
1417 246
1449 247
1482 248
1516 249
1549 250
1582 251
1614 252
1647 253
1680 254
1713 255
1746 256
1782 257
1818 258
1852 259
1885 260
1917 261
1947 262
1978 263
2012 264
2043 265
2077 266
2110 267
2140 268
2171 269
2203 270
2233 271
2265 272
2297 273
2327 274
2357 275
2387 276
2417 277
2446 278
2473 279
2502 280
2529 281
2557 282
2584 283
2611 284
2637 285
2663 286
2690 287
2715 288
2740 289
2768 290
2794 291
2868 292
2977 293
2968 294
3028 295
3101 296
3188 297
3298 298
3424 299
3554 300
3683 301
3800 302
3821 303
3821 304
3821 305
3821 306
3822 307
3822 308
3822 309
3820 310
3820 311
3820 312
3818 313
3815 314
3813 315
3810 316
3806 317
3805 318
3803 319
3799 320
3797 321
3833 322
3919 323
3993 324
4057 325
14 325
62 325
104 325
140 325
173 325
217 325
246 325
300 325
380 325
406 325
429 325
451 325
474 325
497 325
519 325
543 325
568 325
593 325
618 325
642 325
667 325
694 325
721 325
748 325
777 325
806 325
834 325
864 325
897 325
928 325
960 325
991 325
1022 325
1058 325
1090 325
1124 325
1163 325
1200 325
1235 325
1269 325
1331 325
1361 325
1386 326
1410 327
1437 328
1468 329
1499 330
1533 331
1565 332
1596 333
1630 334
1662 335
1696 336
1729 337
1762 338
1798 339
1832 340
1865 341
1896 342
1931 343
1963 344
1996 345
2029 346
2061 347
2097 348
2130 349
2165 350
2199 351
2230 352
2260 353
2290 354
2323 355
2355 356
2383 357
2412 358
2442 359
2470 360
2498 361
2526 362
2553 363
2581 364
2606 365
2632 366
2657 367
2682 368
2707 369
2736 370
2762 371
2786 372
2855 373
2918 374
2978 375
3005 376
3120 377
3218 378
3337 379
3468 380
3612 381
3750 382
3832 383
3835 384
3835 385
3837 386
3838 387
3838 388
3837 389
3834 390
3829 391
3828 392
3826 393
3820 394
3818 395
3816 396
3815 397
3813 398
3812 399
3809 400
3808 401
3805 402
3827 403
3923 404
4007 405
4077 406
38 406
90 406
131 406
164 406
195 406
229 406
263 406
305 406
377 406
418 406
440 406
461 406
482 406
502 406
522 406
543 406
564 406
585 406
608 406
630 406
653 406
679 406
704 406
730 406
757 406
784 406
814 406
844 406
874 406
906 406
938 406
970 406
1005 406
1039 406
1072 406
1107 406
1141 406
1176 406
1211 406
1244 406
1280 406
1315 406
1349 406
1382 407
1417 408
1451 409
1485 410
1521 411
1557 412
1591 413
1624 414
1660 415
1697 416
1732 417
1765 418
1798 419
1830 420
1863 421
1898 422
1931 423
1967 424
2002 425
2035 426
2067 427
2100 428
2132 429
2164 430
2195 431
2226 432
2257 433
2288 434
2335 435
2368 436
2398 437
2428 438
2457 439
2486 440
2514 441
2541 442
2568 443
2596 444
2623 445
2646 446
2674 447
2701 448
2726 449
2749 450
2790 451
2895 452
2919 453
2924 454
2969 455
3024 456
3100 457
3191 458
3294 459
3430 460
3567 461
3706 462
3818 463
3850 464
3851 465
3851 466
3850 467
3850 468
3850 469
3850 470
3850 471
3849 472
3849 473
3849 474
3849 475
3849 476
3847 477
3846 478
3843 479
3843 480
3841 481
3832 482
3824 483
3869 484
3957 485
4041 486
12 486
62 486
103 486
135 486
164 486
195 486
224 486
254 486
295 486
357 486
411 486
431 486
452 486
472 486
492 486
513 486
534 486
555 486
576 486
598 486
620 486
642 486
668 486
693 486
718 486
744 486
773 486
804 486
836 486
866 486
896 486
926 486
959 486
991 486
1024 486
1058 486
1091 486
1124 486
1156 486
1191 486
1225 486
1260 486
1295 486
1332 486
1367 487
1402 488
1436 489
1471 490
1505 491
1540 492
1575 493
1609 494
1644 495
1679 496
1713 497
1749 498
1786 499
1823 500
1858 501
1890 502
1921 503
1956 504
1989 505
2022 506
2054 507
2088 508
2121 509
2152 510
2184 511
2218 512
2248 513
2277 514
2308 515
2338 516
2367 517
2395 518
2425 519
2454 520
2482 521
2509 522
2537 523
2564 524
2592 525
2619 526
2659 527
2688 528
2716 529
2743 530
2767 531
2792 532
2838 533
2897 534
3022 535
3027 536
3097 537
3182 538
3286 539
3409 540
3540 541
3673 542
3790 543
3819 544
3819 545
3819 546
3817 547
3821 548
3821 549
3816 550
3814 551
3814 552
3814 553
3814 554
3814 555
3808 556
3804 557
3805 558
3807 559
3807 560
3806 561
3804 562
3804 563
3893 564
3976 565
4045 566
4 566
56 566
99 566
137 566
169 566
195 566
224 566
251 566
287 566
362 566
407 566
429 566
451 566
473 566
496 566
520 566
543 566
565 566
588 566
611 566
637 566
663 566
689 566
716 566
746 566
774 566
802 566
831 566
861 566
892 566
924 566
955 566
986 566
1020 566
1055 566
1089 566
1124 566
1156 566
1188 566
1219 566
1251 566
1282 566
1312 566
1346 566
1380 567
1412 568
1446 569
1479 570
1514 571
1550 572
1583 573
1616 574
1648 575
1680 576
1711 577
1741 578
1772 579
1804 580
1838 581
1872 582
1903 583
1936 584
1969 585
2000 586
2034 587
2069 588
2100 589
2130 590
2162 591
2193 592
2224 593
2254 594
2285 595
2316 596
2346 597
2374 598
2403 599
2432 600
2472 601
2501 602
2529 603
2556 604
2582 605
2608 606
2635 607
2660 608
2684 609
2710 610
2736 611
2760 612
2785 613
2857 614
2981 615
2951 616
3010 617
3077 618
3162 619
3265 620
3383 621
3512 622
3645 623
3754 624
3813 625
3815 626
3814 627
3814 628
3811 629
3808 630
3807 631
3788 632
3783 633
3793 634
3800 635
3799 636
3794 637
3793 638
3795 639
3796 640
3796 641
3793 642
3792 643
3791 644
3819 645
3905 646
3984 647
4050 648
10 648
59 648
101 648
136 648
169 648
208 648
240 648
292 648
361 648
397 648
429 648
450 648
471 648
492 648
512 648
534 648
557 648
580 648
603 648
626 648
652 648
677 648
702 648
728 648
757 648
789 648
822 648
850 648
878 648
907 648
937 648
971 648
1006 648
1038 648
1070 648
1102 648
1132 648
1165 648
1197 648
1247 648
1283 648
1317 648
1352 648
1387 649
1421 650
1453 651
1487 652
1522 653
1558 654
1591 655
1623 656
1658 657
1692 658
1724 659
1756 660
1791 661
1825 662
1861 663
1892 664
1924 665
1958 666
1991 667
2021 668
2051 669
2087 670
2120 671
2152 672
2183 673
2225 674
2253 675
2281 676
2310 677
2342 678
2370 679
2401 680
2429 681
2454 682
2480 683
2508 684
2535 685
2564 686
2593 687
2618 688
2642 689
2668 690
2692 691
2720 692
2748 693
2797 694
2848 695
2883 696
3026 697
3064 698
3143 699
3235 700
3337 701
3468 702
3597 703
3706 704
3792 705
3798 706
3804 707
3808 708
3810 709
3812 710
3813 711
3815 712
3816 713
3817 714
3817 715
3815 716
3815 717
3813 718
3810 719
3808 720
3807 721
3801 722
3798 723
3795 724
3877 725
3962 726
4032 727
4091 728
48 728
93 728
130 728
166 728
200 728
232 728
267 728
348 728
395 728
416 728
452 728
478 728
502 728
525 728
548 728
570 728
593 728
616 728
638 728
664 728
691 728
717 728
746 728
775 728
804 728
832 728
862 728
891 728
923 728
954 728
983 728
1016 728
1055 728
1088 728
1117 728
1146 728
1178 728
1209 728
1241 728
1275 728
1308 728
1341 728
1374 729
1409 730
1442 731
1476 732
1512 733
1547 734
1581 735
1614 736
1648 737
1683 738
1716 739
1749 740
1783 741
1817 742
1850 743
1884 744
1918 745
1952 746
1985 747
2018 748
2052 749
2087 750
2120 751
2152 752
2184 753
2217 754
2247 755
2276 756
2307 757
2337 758
2365 759
2394 760
2423 761
2451 762
2480 763
2525 764
2568 765
2612 766
2652 767
2695 768
2734 769
2775 770
2895 771
2987 772
3045 773
3195 774
3378 775
3626 776
3804 777
3815 778
3817 779
3820 780
3820 781
3820 782
3821 783
3822 784
3823 785
3822 786
3821 787
3812 788
3809 789
3918 790
4029 791
31 791
99 791
144 791
185 791
233 791
309 791
396 791
430 791
463 791
498 791
532 791
569 791
606 791
643 791
683 791
725 791
769 791
814 791
862 791
915 791
960 791
1006 791
1053 791
1101 791
1153 791
1205 791
1256 791
1310 791
1362 791
1417 792
1472 793
1528 794
1602 795
1653 796
1697 797
1745 798
1796 799
1852 800
1907 801
1960 802
2013 803
2068 804
2120 805
2174 806
2226 807
2274 808
2324 809
2371 810
2417 811
2462 812
2506 813
2552 814
2594 815
2636 816
2675 817
2717 818
2757 819
2929 820
2920 821
3010 822
3152 823
3363 824
3619 825
3848 826
3873 827
3875 828
3875 829
3874 830
3869 831
3867 832
3862 833
3857 834
3849 835
3843 836
3836 837
3829 838
3865 839
4003 840
14 840
85 840
144 840
192 840
241 840
339 840
410 840
442 840
472 840
503 840
538 840
573 840
609 840
647 840
688 840
749 840
790 840
832 840
876 840
924 840
972 840
1027 840
1079 840
1130 840
1185 840
1238 840
1293 840
1347 840
1400 841
1454 842
1510 843
1565 844
1643 845
1711 846
1772 847
1828 848
1880 849
1931 850
1986 851
2039 852
2092 853
2144 854
2195 855
2246 856
2294 857
2343 858
2390 859
2442 860
2486 861
2527 862
2569 863
2610 864
2667 865
2703 866
2735 867
2773 868
2948 869
2929 870
3031 871
3166 872
3370 873
3603 874
3825 875
3862 876
3862 877
3864 878
3866 879
3864 880
3861 881
3859 882
3853 883
3848 884
3840 885
3833 886
3825 887
3848 888
3991 889
4 889
82 889
141 889
192 889
241 889
322 889
407 889
441 889
472 889
505 889
539 889
573 889
