788 0
786 0
784 0
792 1
808 2
826 3
845 4
868 5
892 6
918 7
946 8
977 9
1006 10
1038 11
1071 12
1104 13
1139 14
1172 15
1207 16
1237 17
1269 18
1304 19
1342 20
1383 21
1421 22
1458 23
1499 24
1540 25
1578 26
1615 27
1651 28
1685 29
1723 30
1759 31
1797 32
1835 33
1870 34
1905 35
1942 36
1976 37
2013 38
2048 39
2080 40
2115 41
2147 42
2177 43
2209 44
2238 45
2268 46
2298 47
2325 48
2352 49
2379 50
2419 51
2446 52
2473 53
2498 54
2523 55
2547 56
2570 57
2599 58
2623 59
2669 60
2747 61
2671 62
2678 63
2687 64
2710 65
2775 66
2987 67
3850 68
249 68
363 68
391 68
408 68
413 68
415 68
392 68
420 68
440 68
440 68
427 68
409 68
402 68
390 68
362 68
329 68
293 68
223 68
158 68
101 68
41 68
4078 69
4029 70
3991 71
4066 72
39 72
94 72
137 72
171 72
207 72
257 72
294 72
328 72
357 72
384 72
422 72
450 72
465 72
480 72
495 72
512 72
529 72
547 72
565 72
583 72
606 72
629 72
651 72
674 72
698 72
723 72
753 72
784 72
815 73
848 74
882 75
916 76
950 77
988 78
1028 79
1066 80
1104 81
1141 82
1177 83
1213 84
1244 85
1279 86
1317 87
1355 88
1396 89
1438 90
1481 91
1520 92
1559 93
1598 94
1637 95
1672 96
1707 97
1743 98
1782 99
1826 100
1866 101
1901 102
1935 103
1969 104
2002 105
2037 106
2074 107
2107 108
2139 109
2173 110
2205 111
2236 112
2268 113
2299 114
2329 115
2358 116
2386 117
2414 118
2441 119
2466 120
2492 121
2517 122
2540 123
2562 124
2586 125
2608 126
2630 127
2651 128
2717 129
2690 130
2682 131
2687 132
2692 133
2744 134
2920 135
3945 136
300 136
398 136
423 136
439 136
447 136
452 136
452 136
454 136
455 136
455 136
453 136
439 136
426 136
414 136
388 136
357 136
322 136
279 136
226 136
173 136
23 136
4069 137
4070 138
49 138
94 138
137 138
182 138
229 138
276 138
309 138
336 138
363 138
386 138
406 138
424 138
455 138
466 138
476 138
488 138
500 138
514 138
530 138
545 138
561 138
579 138
598 138
618 138
639 138
662 138
686 138
711 138
738 138
769 138
801 139
833 140
866 141
899 142
935 143
971 144
1008 145
1046 146
1086 147
1127 148
1167 149
1198 150
1230 151
1269 152
1310 153
1350 154
1391 155
1438 156
1482 157
1525 158
1566 159
1604 160
1642 161
1678 162
1710 163
1748 164
1785 165
1820 166
1858 167
1896 168
1931 169
1967 170
2002 171
2036 172
2070 173
2103 174
2135 175
2167 176
2198 177
2229 178
2261 179
2291 180
2323 181
2353 182
2384 183
2415 184
2444 185
2476 186
2506 187
2536 188
2566 189
2595 190
2624 191
2654 192
2682 193
2709 194
2740 195
2770 196
2799 197
2831 198
2864 199
2896 200
2928 201
3036 202
3162 203
3278 204
3361 205
3447 206
3533 207
3618 208
3696 209
3731 210
3734 211
3735 212
3736 213
3738 214
3740 215
3743 216
3751 217
3757 218
3764 219
3772 220
3781 221
3791 222
3801 223
3808 224
3814 225
3822 226
3913 227
4018 228
7 228
77 228
138 228
186 228
223 228
253 228
283 228
315 228
346 228
397 228
446 228
474 228
498 228
521 228
543 228
566 228
590 228
613 228
638 228
663 228
688 228
714 228
740 228
766 228
794 229
824 230
853 231
889 232
923 233
959 234
994 235
1027 236
1061 237
1095 238
1129 239
1162 240
1196 241
1232 242
1269 243
1306 244
1355 245
1389 246
1423 247
1456 248
1491 249
1528 250
1565 251
1600 252
1635 253
1672 254
1708 255
1743 256
1778 257
1815 258
1851 259
1886 260
1937 261
1974 262
2010 263
2045 264
2079 265
2114 266
2148 267
2182 268
2216 269
2249 270
2281 271
2315 272
2346 273
2378 274
2411 275
2441 276
2470 277
2501 278
2530 279
2559 280
2589 281
2617 282
2646 283
2673 284
2700 285
2727 286
2754 287
2781 288
2808 289
2834 290
2956 291
3035 292
3091 293
3173 294
3275 295
3398 296
3529 297
3663 298
3780 299
3807 300
3810 301
3815 302
3818 303
3822 304
3824 305
3826 306
3831 307
3836 308
3839 309
3842 310
3842 311
3842 312
3842 313
3842 314
3842 315
3842 316
3842 317
3841 318
3946 319
4042 320
23 320
86 320
141 320
186 320
223 320
252 320
283 320
312 320
353 320
403 320
451 320
478 320
500 320
523 320
546 320
568 320
590 320
613 320
638 320
660 320
686 320
712 320
737 320
764 320
791 321
820 322
850 323
883 324
916 325
950 326
984 327
1019 328
1056 329
1091 330
1127 331
1167 332
1205 333
1244 334
1283 335
1320 336
1356 337
1391 338
1425 339
1461 340
1499 341
1536 342
1574 343
1612 344
1666 345
1710 346
1750 347
1787 348
1824 349
1862 350
1898 351
1934 352
1972 353
2008 354
2044 355
2082 356
2119 357
2155 358
2190 359
2224 360
2258 361
2290 362
2324 363
2355 364
2387 365
2420 366
2452 367
2480 368
2507 369
2535 370
2563 371
2590 372
2617 373
2644 374
2671 375
2696 376
2721 377
2749 378
2775 379
2820 380
2947 381
2982 382
3016 383
3099 384
3208 385
3349 386
3528 387
3704 388
3852 389
3884 390
3888 391
3894 392
3899 393
3904 394
3907 395
3907 396
3907 397
3907 398
3910 399
3910 400
3911 401
3906 402
3902 403
3899 404
3898 405
3892 406
3885 407
3880 408
3918 409
4023 410
9 410
75 410
132 410
177 410
214 410
251 410
280 410
314 410
355 410
392 410
441 410
471 410
491 410
509 410
530 410
551 410
571 410
593 410
615 410
638 410
661 410
685 410
712 410
738 410
767 410
795 411
823 412
854 413
886 414
922 415
958 416
992 417
1026 418
1059 419
1112 420
1148 421
1187 422
1226 423
1263 424
1300 425
1338 426
1377 427
1413 428
1450 429
1489 430
1526 431
1564 432
1601 433
1638 434
1675 435
1712 436
1748 437
1784 438
1822 439
1857 440
1893 441
1930 442
1966 443
2001 444
2036 445
2071 446
2105 447
2139 448
2173 449
2208 450
2241 451
2274 452
2307 453
2339 454
2371 455
2402 456
2433 457
2462 458
2492 459
2521 460
2548 461
2575 462
2602 463
2629 464
2655 465
2680 466
2705 467
2732 468
2757 469
2826 470
2953 471
2925 472
2984 473
3119 474
3219 475
3358 476
3523 477
3666 478
3842 479
3918 480
3933 481
3936 482
3936 483
3940 484
3946 485
3942 486
3935 487
3935 488
3940 489
3942 490
3944 491
3938 492
3931 493
3923 494
3921 495
3919 496
3909 497
3899 498
3894 499
3941 500
4035 501
13 501
74 501
132 501
177 501
211 501
247 501
277 501
304 501
346 501
387 501
431 501
464 501
482 501
499 501
517 501
536 501
557 501
577 501
598 501
620 501
642 501
665 501
690 501
716 501
743 501
771 501
799 502
827 503
859 504
892 505
925 506
959 507
993 508
1027 509
1061 510
1094 511
1151 512
1189 513
1226 514
1265 515
1303 516
1341 517
1380 518
1418 519
1457 520
1496 521
1534 522
1572 523
1610 524
1647 525
1684 526
1723 527
1760 528
1795 529
1830 530
1867 531
1902 532
1939 533
1976 534
2011 535
2045 536
2080 537
2114 538
2148 539
2181 540
2215 541
2249 542
2281 543
2315 544
2346 545
2376 546
2409 547
2439 548
2467 549
2497 550
2525 551
2553 552
2581 553
2607 554
2635 555
2662 556
2687 557
2713 558
2740 559
2766 560
2836 561
2966 562
2943 563
3005 564
3085 565
3187 566
3321 567
3472 568
3642 569
3793 570
3863 571
3871 572
3872 573
3874 574
3876 575
3879 576
3877 577
3874 578
3874 579
3873 580
3873 581
3871 582
3865 583
3861 584
3858 585
3856 586
3853 587
3848 588
3843 589
3874 590
3982 591
4064 592
33 592
91 592
142 592
184 592
220 592
249 592
279 592
306 592
368 592
432 592
463 592
485 592
507 592
530 592
554 592
577 592
601 592
627 592
653 592
678 592
703 592
730 592
757 592
786 592
815 593
846 594
877 595
911 596
944 597
977 598
1010 599
1044 600
1078 601
1113 602
1150 603
1185 604
1222 605
1258 606
1294 607
1331 608
1368 609
1405 610
1443 611
1480 612
1517 613
1553 614
1593 615
1631 616
1667 617
1704 618
1741 619
1776 620
1812 621
1848 622
1885 623
1921 624
1958 625
1993 626
2027 627
2064 628
2098 629
2133 630
2167 631
2203 632
2239 633
2272 634
2305 635
2340 636
2374 637
2406 638
2439 639
2471 640
2502 641
2534 642
2564 643
2594 644
2624 645
2653 646
2683 647
2711 648
2738 649
2767 650
2796 651
2823 652
2851 653
2880 654
2908 655
2936 656
3034 657
3113 658
3256 659
3378 660
3478 661
3580 662
3674 663
3750 664
3755 665
3763 666
3768 667
3769 668
3770 669
3775 670
3781 671
3785 672
3787 673
3790 674
3794 675
3799 676
3803 677
3807 678
3811 679
3815 680
3820 681
3925 682
4025 683
9 683
77 683
135 683
186 683
224 683
257 683
286 683
316 683
345 683
383 683
442 683
477 683
502 683
530 683
555 683
580 683
605 683
631 683
657 683
684 683
710 683
738 683
765 683
794 684
824 685
855 686
900 687
937 688
973 689
1008 690
1042 691
1075 692
1110 693
1145 694
1178 695
1211 696
1248 697
1287 698
1325 699
1362 700
1397 701
1443 702
1476 703
1515 704
1553 705
1591 706
1627 707
1662 708
1698 709
1753 710
1794 711
1837 712
1874 713
1910 714
1944 715
1977 716
2012 717
2050 718
2086 719
2121 720
2157 721
2192 722
2228 723
2263 724
2298 725
2333 726
2367 727
2400 728
2434 729
2468 730
2509 731
2539 732
2567 733
2596 734
2624 735
2653 736
2681 737
2709 738
2736 739
2764 740
2791 741
2818 742
2846 743
2874 744
2900 745
2927 746
2956 747
2984 748
3082 749
3223 750
3393 751
3487 752
3582 753
3675 754
3743 755
3750 756
3755 757
3759 758
3764 759
3768 760
3775 761
3782 762
3787 763
3792 764
3796 765
3802 766
3807 767
3813 768
3818 769
3824 770
3828 771
3834 772
3876 773
3990 774
4085 775
66 775
131 775
183 775
225 775
259 775
287 775
316 775
346 775
384 775
438 775
476 775
501 775
525 775
549 775
574 775
600 775
625 775
651 775
677 775
703 775
729 775
756 775
785 775
816 776
846 777
876 778
906 779
938 780
969 781
1002 782
1033 783
1067 784
1101 785
1134 786
1169 787
1205 788
1241 789
1278 790
1314 791
1351 792
1387 793
1424 794
1463 795
1502 796
1562 797
1598 798
1635 799
1672 800
1711 801
1748 802
1783 803
1820 804
1857 805
1893 806
1930 807
1968 808
2005 809
2040 810
2075 811
2111 812
2146 813
2180 814
2216 815
2250 816
2302 817
2333 818
2359 819
2383 820
2411 821
2440 822
2470 823
2498 824
2528 825
2565 826
2597 827
2627 828
2657 829
2685 830
2712 831
2740 832
2767 833
2795 834
2823 835
2848 836
2875 837
2902 838
2928 839
2957 840
3007 841
3034 842
3158 843
3296 844
3471 845
3557 846
3640 847
3724 848
3742 849
3747 850
3750 851
3754 852
3759 853
3765 854
3770 855
3778 856
3784 857
3787 858
3791 859
3797 860
3803 861
3809 862
3812 863
3817 864
3857 865
3959 866
4047 867
25 867
84 867
135 867
180 867
219 867
258 867
294 867
336 867
382 867
426 867
466 867
501 867
525 867
551 867
576 867
602 867
626 867
651 867
680 867
707 867
735 867
762 867
789 868
816 869
845 870
874 871
904 872
934 873
964 874
995 875
1026 876
1058 877
1091 878
1122 879
1154 880
1189 881
1223 882
1257 883
1292 884
1325 885
1357 886
1389 887
1420 888
1453 889
1485 890
1524 891
1565 892
1622 893
1658 894
1694 895
1729 896
1767 897
1808 898
1848 899
1887 900
1924 901
1961 902
1998 903
2033 904
2071 905
2107 906
2143 907
2179 908
2213 909
2248 910
2281 911
2316 912
2350 913
2382 914
2416 915
2448 916
2482 917
2514 918
2548 919
2582 920
2615 921
2648 922
2682 923
2717 924
2750 925
2783 926
2821 927
2855 928
2888 929
2919 930
2948 931
2981 932
3015 933
3050 934
3081 935
3110 936
3142 937
3174 938
3207 939
3241 940
3273 941
3310 942
3342 943
3376 944
3413 945
3448 946
3484 947
3521 948
3559 949
3600 950
3647 951
3725 952
3787 953
3851 954
3919 955
3995 956
4067 957
29 957
84 957
133 957
177 957
226 957
277 957
334 957
396 957
457 957
522 957
580 957
632 957
683 957
707 957
716 957
708 957
680 957
635 957
567 957
469 957
364 957
248 957
141 957
47 957
4076 958
4046 959
4047 960
4 960
96 960
275 960
606 960
1101 961
1941 962
2596 963
2943 964
3137 965
3210 966
3242 967
3264 968
3269 969
3279 970
3279 971
3275 972
3228 973
3193 974
3159 975
3048 976
3028 977
2985 978
2921 979
2858 980
2800 981
2775 982
2732 983
2730 984
2712 985
2700 986
2698 987
2698 988
2698 989
2698 990
2705 991
2705 992
2703 993
2703 994
2703 995
2703 996
2703 997
2703 998
2703 999
2703 1000
2703 1001
2703 1002
2703 1003
2703 1004
2722 1005
2723 1006
2723 1007
2747 1008
2747 1009
2747 1010
2773 1011
2773 1012
2789 1013
2789 1014
2791 1015
2791 1016
2791 1017
2786 1018
2786 1019
2786 1020
2786 1021
2786 1022
2786 1023
2789 1024
2789 1025
2789 1026
2789 1027
2815 1028
2821 1029
2819 1030
2819 1031
2821 1032
2821 1033
2823 1034
2823 1035
2830 1036
2830 1037
2830 1038
2830 1039
2831 1040
2831 1041
2828 1042
2828 1043
2828 1044
2832 1045
2836 1046
2836 1047
2834 1048
2833 1049
2831 1050
2833 1051
2839 1052
2833 1053
2822 1054
2831 1055
2831 1056
2861 1057
2861 1058
2860 1059
2860 1060
2847 1061
2847 1062
