1694 0
1671 0
1646 0
1616 0
1586 0
1557 0
1523 0
1485 0
1445 0
1393 0
1345 0
1280 0
1199 0
1107 0
993 0
781 0
647 0
515 0
407 0
325 0
265 0
217 0
175 0
147 0
123 0
106 0
94 0
83 0
78 0
73 0
73 0
79 0
91 0
103 0
122 0
145 0
160 0
172 0
185 0
191 0
191 0
192 0
185 0
174 0
157 0
133 0
105 0
70 0
27 0
4074 1
3947 2
3880 3
3857 4
3888 5
3965 6
4084 7
196 7
440 7
655 7
801 7
908 7
981 7
986 7
942 7
885 7
827 7
733 7
610 7
470 7
327 7
211 7
94 7
10 7
4019 8
3868 9
3747 10
3625 11
3511 12
3429 13
3377 14
3339 15
3319 16
3309 17
3306 18
3307 19
3315 20
3325 21
3337 22
3344 23
3356 24
3365 25
3376 26
3385 27
3396 28
3405 29
3418 30
3432 31
3455 32
3480 33
3506 34
3538 35
3571 36
3605 37
3667 38
3719 39
3781 40
3873 41
4011 42
157 42
535 42
940 42
1174 42
1317 42
1405 42
1467 42
1524 42
1573 42
1613 42
1649 42
1684 42
1717 42
1752 43
1785 44
1821 45
1847 46
1868 47
1885 48
1899 49
1909 50
1915 51
1917 52
1910 53
1895 54
1873 55
1844 56
1809 57
1762 58
1709 58
1647 58
1585 58
1526 58
1472 58
1427 58
1390 58
1363 58
1346 58
1336 58
1321 58
1306 58
1285 58
1247 58
1191 58
1116 58
1013 58
893 58
756 58
634 58
521 58
419 58
316 58
239 58
217 58
212 58
223 58
245 58
275 58
438 58
702 58
946 58
1128 58
1247 58
1331 58
1393 58
1438 58
1459 58
1468 58
1466 58
1443 58
1396 58
1331 58
1255 58
1175 58
1088 58
1008 58
913 58
802 58
667 58
506 58
297 58
61 58
3982 59
3844 60
3745 61
3680 62
3645 63
3620 64
3611 65
3609 66
3611 67
3622 68
3638 69
3661 70
3680 71
3704 72
3748 73
3766 74
3781 75
3800 76
3821 77
3843 78
3869 79
3898 80
3934 81
3974 82
4027 83
4093 84
65 84
141 84
223 84
300 84
370 84
472 84
533 84
587 84
634 84
678 84
719 84
758 84
795 84
830 84
861 84
890 84
922 84
947 84
972 84
995 84
1016 84
1035 84
1056 84
1081 84
1104 84
1129 84
1155 84
1176 84
1204 84
1231 84
1259 84
1292 84
1321 84
1357 84
1384 84
1417 84
1451 84
1484 84
1517 84
1558 84
1593 84
1620 84
1657 84
1693 84
1724 85
1753 86
1788 87
1819 88
1844 89
1876 90
1900 91
1934 92
1960 93
1985 94
2011 95
2035 96
2063 97
2092 98
2127 99
2164 100
2199 101
2235 102
2279 103
2317 104
2355 105
2401 106
2445 107
2487 108
2524 109
2568 110
2613 111
2648 112
2691 113
2736 114
2790 115
2830 116
2883 117
2929 118
2982 119
3023 120
3069 121
3111 122
3151 123
3187 124
3222 125
3252 126
3287 127
3319 128
3349 129
3381 130
3410 131
3441 132
3472 133
3504 134
3541 135
3579 136
3618 137
3652 138
3692 139
3727 140
3762 141
3799 142
3837 143
3874 144
3911 145
3947 146
3984 147
4024 148
4055 149
4091 150
26 150
61 150
92 150
126 150
159 150
191 150
229 150
262 150
297 150
331 150
365 150
399 150
433 150
469 150
521 150
553 150
584 150
616 150
646 150
678 150
712 150
748 150
784 150
826 150
868 150
913 150
959 150
1010 150
1059 150
1106 150
1154 150
1197 150
1241 150
1287 150
1327 150
1365 150
1399 150
1431 150
1462 150
1495 150
1529 150
1561 150
1593 150
1628 150
1664 150
1703 150
1737 151
1776 152
1813 153
1852 154
1887 155
1924 156
1962 157
1998 158
2032 159
2066 160
2098 161
2132 162
2166 163
2200 164
2231 165
2261 166
2294 167
2328 168
2364 169
2400 170
2431 171
2462 172
2496 173
2529 174
2561 175
2592 176
2617 177
2643 178
2670 179
2693 180
2718 181
2742 182
2769 183
2795 184
2829 185
2865 186
2899 187
2939 188
2974 189
3015 190
3054 191
3094 192
3130 193
3165 194
3204 195
3241 196
3280 197
3323 198
3375 199
3423 200
3481 201
3546 202
3612 203
3700 204
3788 205
3877 206
3975 207
14 207
93 207
171 207
246 207
308 207
366 207
414 207
461 207
503 207
537 207
562 207
581 207
597 207
609 207
622 207
635 207
652 207
665 207
679 207
693 207
709 207
724 207
737 207
747 207
757 207
767 207
776 207
785 207
793 207
801 207
810 207
820 207
831 207
838 207
848 207
860 207
872 207
889 207
907 207
925 207
943 207
960 207
977 207
1001 207
1024 207
1052 207
1084 207
1123 207
1166 207
1221 207
1291 207
1377 207
1485 207
1609 207
1736 208
1858 209
1980 210
2069 211
2135 212
2181 213
2216 214
2284 215
2302 216
2320 217
2341 218
2364 219
2385 220
2406 221
2425 222
2444 223
2468 224
2491 225
2513 226
2537 227
2560 228
2585 229
2609 230
2634 231
2657 232
2679 233
2701 234
2725 235
2754 236
2779 237
2811 238
2845 239
2884 240
2922 241
2963 242
3008 243
3051 244
3099 245
3146 246
3195 247
3247 248
3297 249
3343 250
3391 251
3434 252
3474 253
3514 254
3554 255
3592 256
3626 257
3660 258
3695 259
3732 260
3771 261
3808 262
3847 263
3887 264
3924 265
3963 266
4001 267
4038 268
4074 269
13 269
48 269
81 269
118 269
154 269
188 269
220 269
254 269
285 269
318 269
350 269
381 269
412 269
443 269
477 269
512 269
545 269
580 269
615 269
650 269
683 269
714 269
746 269
780 269
816 269
851 269
890 269
929 269
969 269
1010 269
1053 269
1095 269
1162 269
1207 269
1254 269
1296 269
1336 269
1375 269
1413 269
1450 269
1486 269
1520 269
1554 269
1589 269
1621 269
1652 269
1687 269
1721 269
1755 270
1786 271
1817 272
1847 273
1877 274
1912 275
1946 276
1981 277
2016 278
2052 279
2092 280
2133 281
2177 282
2226 283
2280 284
2339 285
2404 286
2469 287
2541 288
2612 289
2679 290
2739 291
2796 292
2847 293
2897 294
2939 295
2979 296
3013 297
3044 298
3075 299
3108 300
3139 301
3166 302
3195 303
3224 304
3253 305
3280 306
3308 307
3336 308
3364 309
3393 310
3422 311
3450 312
3476 313
3502 314
3528 315
3555 316
3581 317
3606 318
3632 319
3658 320
3707 321
3734 322
3757 323
3780 324
3808 325
3839 326
3872 327
3904 328
3935 329
3967 330
3999 331
4030 332
4061 333
4094 334
31 334
62 334
93 334
134 334
167 334
201 334
236 334
285 334
318 334
348 334
381 334
416 334
461 334
513 334
574 334
638 334
699 334
763 334
794 334
821 334
849 334
878 334
907 334
936 334
965 334
995 334
1024 334
1052 334
1084 334
1117 334
1148 334
1178 334
1218 334
1277 334
1346 334
1412 334
1470 334
1521 334
1562 334
1590 334
1613 334
1642 334
1668 334
1693 334
1717 334
1741 335
1765 336
1788 337
1813 338
1837 339
1861 340
1883 341
1904 342
1923 343
1940 344
1955 345
1969 346
1979 347
1987 348
1992 349
1997 350
2002 351
2006 352
2006 353
1999 354
1994 355
1987 356
1979 357
1963 358
1939 359
1916 360
1887 361
1840 362
1779 363
1704 363
1614 363
1537 363
1461 363
1386 363
1303 363
1226 363
1162 363
1106 363
1057 363
1018 363
982 363
951 363
926 363
897 363
866 363
834 363
803 363
769 363
734 363
698 363
660 363
618 363
583 363
548 363
513 363
480 363
450 363
426 363
407 363
388 363
368 363
348 363
326 363
308 363
295 363
283 363
275 363
267 363
262 363
259 363
256 363
252 363
246 363
241 363
237 363
237 363
230 363
214 363
198 363
200 363
371 363
501 363
502 363
506 363
525 363
534 363
534 363
534 363
534 363
534 363
534 363
534 363
534 363
534 363
534 363
534 363
534 363
534 363
534 363
534 363
534 363
534 363
665 363
1177 363
1320 363
1383 363
1418 363
1630 363
1766 364
1839 365
1880 366
1907 367
2000 368
2043 369
2039 370
2029 371
2016 372
1996 373
1972 374
1943 375
1910 376
1871 377
1825 378
1777 379
1724 380
1659 380
1593 380
1524 380
1458 380
1400 380
1348 380
1309 380
1273 380
1247 380
1230 380
1216 380
1205 380
1196 380
1179 380
1156 380
1137 380
1118 380
1099 380
1079 380
1060 380
1040 380
1020 380
1000 380
979 380
956 380
932 380
908 380
884 380
859 380
832 380
804 380
773 380
742 380
711 380
676 380
638 380
598 380
559 380
521 380
483 380
446 380
409 380
374 380
342 380
312 380
268 380
237 380
212 380
191 380
173 380
156 380
139 380
121 380
110 380
104 380
101 380
100 380
103 380
107 380
128 380
141 380
158 380
241 380
296 380
384 380
502 380
504 380
510 380
535 380
535 380
535 380
535 380
535 380
535 380
535 380
535 380
535 380
535 380
535 380
535 380
535 380
535 380
535 380
535 380
535 380
535 380
535 380
535 380
535 380
535 380
535 380
1177 380
1828 381
1903 382
1923 383
1931 384
1934 385
1984 386
2072 387
2062 388
2034 389
2002 390
1953 391
1910 392
1856 393
1805 394
1751 395
1672 395
1623 395
1553 395
1481 395
1414 395
1350 395
1300 395
1261 395
1222 395
1192 395
1170 395
1153 395
1142 395
1135 395
1130 395
1121 395
1101 395
1083 395
1067 395
1050 395
1034 395
1017 395
1001 395
985 395
967 395
950 395
932 395
915 395
898 395
878 395
853 395
827 395
800 395
772 395
742 395
707 395
669 395
632 395
593 395
548 395
498 395
448 395
394 395
340 395
289 395
238 395
190 395
142 395
97 395
55 395
17 395
4078 396
4045 397
4013 398
3985 399
3960 400
3939 401
3925 402
3935 403
3947 404
3996 405
4017 406
3998 407
3959 408
3907 409
3820 410
3785 411
3844 412
3934 413
8 413
295 413
536 413
536 413
536 413
536 413
536 413
536 413
536 413
536 413
536 413
536 413
536 413
536 413
536 413
2433 414
2505 415
2522 416
2426 417
2279 418
2260 419
2255 420
2255 421
2255 422
2257 423
2261 424
2262 425
2235 426
2208 427
2176 428
2142 429
2107 430
2070 431
2030 432
1985 433
1939 434
1887 435
1833 436
1781 437
1725 438
1673 438
1619 438
1565 438
1514 438
1468 438
1424 438
1382 438
1342 438
1305 438
1271 438
1240 438
1214 438
1191 438
1167 438
1147 438
1129 438
1114 438
1098 438
1085 438
1070 438
1057 438
1042 438
1030 438
1017 438
1000 438
982 438
964 438
942 438
920 438
899 438
876 438
851 438
827 438
802 438
771 438
739 438
702 438
667 438
598 438
549 438
494 438
442 438
390 438
338 438
280 438
223 438
169 438
118 438
72 438
29 438
4072 439
4031 440
3998 441
3969 442
3939 443
3909 444
3880 445
3857 446
3860 447
3864 448
3864 449
3858 450
3845 451
3828 452
3808 453
3733 454
3739 455
3770 456
3817 457
3885 458
3994 459
73 459
340 459
534 459
536 459
536 459
536 459
536 459
536 459
536 459
536 459
578 459
2412 460
2501 461
2521 462
2477 463
2270 464
2214 465
2195 466
2189 467
2189 468
2192 469
2197 470
2154 471
2120 472
2086 473
2050 474
2014 475
1974 476
1928 477
1879 478
1831 479
1782 480
1729 481
1674 481
1620 481
1566 481
1515 481
1467 481
1422 481
1376 481
1336 481
1297 481
1262 481
1230 481
1200 481
1170 481
1146 481
1126 481
1106 481
1089 481
1075 481
1061 481
1052 481
1043 481
1037 481
1033 481
1028 481
1024 481
1020 481
1017 481
1014 481
1010 481
1007 481
1004 481
1002 481
1000 481
995 481
990 481
984 481
979 481
974 481
968 481
959 481
947 481
933 481
916 481
894 481
868 481
834 481
797 481
754 481
653 481
541 481
423 481
295 481
170 481
59 481
4062 482
4025 483
4062 484
3 484
4044 485
3890 486
3750 487
4093 488
551 488
552 488
552 488
552 488
552 488
552 488
552 488
552 488
552 488
552 488
552 488
552 488
552 488
569 488
2133 489
1994 490
1968 491
1967 492
2063 493
2021 494
1965 495
1900 496
1831 497
1742 498
1617 498
1487 498
1368 498
1261 498
1171 498
1113 498
1070 498
1037 498
1018 498
1007 498
1001 498
1002 498
1005 498
1014 498
1022 498
1033 498
1043 498
1054 498
1061 498
1060 498
1045 498
1023 498
996 498
969 498
930 498
890 498
843 498
790 498
723 498
648 498
554 498
441 498
321 498
199 498
78 498
4067 499
3978 500
3979 501
3985 502
3994 503
3991 504
3842 505
3711 506
3798 507
4069 508
546 508
546 508
546 508
546 508
546 508
546 508
546 508
546 508
546 508
546 508
605 508
2514 509
2526 510
2330 511
2286 512
2264 513
2259 514
2217 515
2162 516
2104 517
2041 518
1983 519
1919 520
1849 521
1742 522
1646 522
1559 522
1469 522
1361 522
1299 522
1250 522
1214 522
1187 522
1162 522
1143 522
1128 522
1111 522
1094 522
1081 522
1066 522
1046 522
1024 522
999 522
969 522
932 522
894 522
851 522
801 522
753 522
701 522
650 522
586 522
524 522
462 522
398 522
338 522
280 522
226 522
173 522
135 522
108 522
83 522
65 522
88 522
107 522
123 522
160 522
240 522
486 522
533 522
533 522
533 522
533 522
533 522
533 522
533 522
533 522
533 522
533 522
1174 522
1501 522
1739 523
1844 524
1887 525
