2005 0
2006 1
2015 2
2029 3
2047 4
2068 5
2092 6
2116 7
2144 8
2170 9
2198 10
2227 11
2258 12
2292 13
2323 14
2355 15
2388 16
2421 17
2455 18
2490 19
2524 20
2559 21
2590 22
2619 23
2650 24
2678 25
2720 26
2777 27
2818 28
2864 29
2915 30
2965 31
3014 32
3062 33
3108 34
3156 35
3202 36
3247 37
3301 38
3349 39
3393 40
3435 41
3475 42
3515 43
3558 44
3600 45
3637 46
3649 47
3688 48
3733 49
3777 50
3819 51
3859 52
3900 53
3943 54
3986 55
4025 56
4063 57
2 57
34 57
65 57
98 57
129 57
158 57
190 57
222 57
253 57
287 57
322 57
357 57
395 57
434 57
474 57
514 57
554 57
606 57
647 57
690 57
732 57
774 57
815 57
854 57
892 57
930 57
970 57
1010 57
1049 57
1087 57
1126 57
1162 57
1220 57
1258 57
1295 57
1334 57
1372 57
1409 57
1448 57
1487 57
1525 57
1564 57
1603 57
1641 57
1679 57
1717 57
1755 57
1792 57
1830 57
1868 57
1908 57
1947 57
1986 57
2027 58
2066 59
2110 60
2150 61
2191 62
2203 63
2241 64
2482 65
2524 66
2551 67
2552 68
2552 69
2552 70
2552 71
2553 72
2566 73
2593 74
2635 75
2687 76
2746 77
2810 78
2874 79
2933 80
2986 81
3035 82
3078 83
3118 84
3155 85
3179 86
3261 87
3294 88
3329 89
3362 90
3392 91
3423 92
3454 93
3485 94
3518 95
3550 96
3582 97
3616 98
3650 99
3684 100
3719 101
3757 102
3795 103
3833 104
3872 105
3910 106
3947 107
3986 108
4024 109
4062 110
8 110
51 110
94 110
136 110
178 110
220 110
261 110
303 110
344 110
382 110
422 110
461 110
501 110
541 110
580 110
621 110
661 110
701 110
741 110
781 110
820 110
858 110
895 110
934 110
975 110
1015 110
1054 110
1092 110
1128 110
1163 110
1199 110
1237 110
1275 110
1314 110
1351 110
1386 110
1424 110
1460 110
1495 110
1530 110
1605 110
1642 110
1680 110
1718 110
1774 110
1812 110
1849 110
1886 110
1923 110
1943 110
1963 110
2050 111
2189 112
2339 113
2470 114
2553 115
2561 116
2561 117
2561 118
2561 119
2561 120
2561 121
2561 122
2561 123
2561 124
2561 125
2561 126
2561 127
2567 128
2610 129
2676 130
2786 131
2881 132
2968 133
3052 134
3128 135
3198 136
3259 137
3309 138
3347 139
3376 140
3403 141
3426 142
3465 143
3508 144
3558 145
3564 146
3592 147
3621 148
3647 149
3673 150
3702 151
3731 152
3760 153
3789 154
3816 155
3844 156
3872 157
3901 158
3932 159
3963 160
3997 161
4032 162
4069 163
13 163
57 163
101 163
145 163
188 163
231 163
275 163
318 163
360 163
404 163
447 163
490 163
533 163
575 163
618 163
659 163
698 163
738 163
780 163
820 163
858 163
895 163
933 163
970 163
1008 163
1045 163
1081 163
1118 163
1154 163
1191 163
1230 163
1267 163
1306 163
1344 163
1380 163
1421 163
1463 163
1501 163
1537 163
1570 163
1604 163
1637 163
1673 163
1707 163
1738 163
1770 163
1803 163
1836 163
1871 163
1906 163
1942 163
1980 163
2023 164
2064 165
2224 166
2331 167
2439 168
2513 169
2551 170
2554 171
2554 172
2554 173
2555 174
2555 175
2555 176
2556 177
2557 178
2558 179
2559 180
2578 181
2630 182
2722 183
2840 184
2956 185
3056 186
3140 187
3216 188
3276 189
3326 190
3363 191
3391 192
3417 193
3436 194
3450 195
3477 196
3532 197
3542 198
3570 199
3594 200
3618 201
3642 202
3668 203
3697 204
3726 205
3758 206
3789 207
3823 208
3860 209
3899 210
3939 211
3980 212
4022 213
4061 214
6 214
47 214
86 214
126 214
167 214
206 214
248 214
289 214
329 214
369 214
413 214
456 214
498 214
538 214
578 214
616 214
656 214
701 214
743 214
785 214
827 214
867 214
906 214
946 214
984 214
1022 214
1063 214
1102 214
1140 214
1178 214
1219 214
1260 214
1298 214
1335 214
1372 214
1410 214
1453 214
1494 214
1533 214
1570 214
1605 214
1640 214
1680 214
1720 214
1757 214
1814 214
1851 214
1886 214
1919 214
1952 214
1984 214
2019 215
2055 216
2092 217
2127 218
2163 219
2200 220
2236 221
2275 222
2313 223
2350 224
2386 225
2425 226
2462 227
2500 228
2542 229
2586 230
2628 231
2669 232
2747 233
2635 234
2604 235
2657 236
2737 237
2825 238
2924 239
3015 240
3096 241
3164 242
3217 243
3256 244
3289 245
3320 246
3326 247
3374 248
3411 249
3448 250
3482 251
3515 252
3550 253
3586 254
3621 255
3656 256
3691 257
3729 258
3766 259
3802 260
3836 261
3871 262
3905 263
3938 264
3971 265
4007 266
4042 267
4078 268
19 268
57 268
96 268
135 268
173 268
215 268
256 268
297 268
337 268
379 268
421 268
462 268
507 268
591 268
627 268
662 268
697 268
730 268
765 268
806 268
845 268
883 268
921 268
960 268
1000 268
1040 268
1079 268
1119 268
1178 268
1214 268
1248 268
1281 268
1317 268
1350 268
1382 268
1413 268
1441 268
1472 268
1501 268
1531 268
1559 268
1587 268
1615 268
1645 268
1675 268
1703 268
1729 268
1753 268
1779 268
1794 268
1824 268
1854 268
1890 268
1934 268
1980 268
2028 269
2077 270
2128 271
2192 272
2266 273
2347 274
2440 275
2544 276
2653 277
2752 278
2854 279
2939 280
3015 281
3078 282
3131 283
3180 284
3225 285
3266 286
3301 287
3326 288
3346 289
3366 290
3387 291
3406 292
3423 293
3437 294
3450 295
3465 296
3483 297
3499 298
3515 299
3532 300
3549 301
3568 302
3588 303
3607 304
3629 305
3652 306
3674 307
3698 308
3724 309
3752 310
3780 311
3809 312
3841 313
3875 314
3910 315
3947 316
3988 317
4034 318
4078 319
28 319
65 319
99 319
139 319
185 319
232 319
282 319
333 319
388 319
444 319
499 319
553 319
611 319
664 319
711 319
751 319
772 319
799 319
838 319
875 319
909 319
943 319
978 319
1013 319
1045 319
1077 319
1107 319
1136 319
1168 319
1199 319
1229 319
1260 319
1294 319
1327 319
1358 319
1390 319
1423 319
1461 319
1499 319
1536 319
1573 319
1612 319
1631 319
1646 319
1666 319
1693 319
1729 319
1774 319
1826 319
1884 319
1953 319
2037 320
2122 321
2200 322
2264 323
2318 324
2362 325
2418 326
2478 327
2535 328
2604 329
2734 330
2794 331
2848 332
2898 333
2957 334
3012 335
3065 336
3112 337
3162 338
3205 339
3235 340
3261 341
3288 342
3315 343
3344 344
3367 345
3389 346
3414 347
3445 348
3471 349
3498 350
3526 351
3553 352
3579 353
3608 354
3637 355
3664 356
3691 357
3718 358
3746 359
3773 360
3799 361
3826 362
3853 363
3880 364
3908 365
3935 366
3963 367
4006 368
4038 369
4072 370
13 370
51 370
91 370
134 370
171 370
204 370
245 370
291 370
341 370
392 370
447 370
501 370
557 370
611 370
661 370
707 370
750 370
790 370
828 370
865 370
893 370
933 370
975 370
1018 370
1058 370
1096 370
1135 370
1174 370
1210 370
1248 370
1283 370
1317 370
1352 370
1384 370
1417 370
1450 370
1482 370
1514 370
1548 370
1581 370
1613 370
1647 370
1681 370
1716 370
1750 370
1784 370
1819 370
1854 370
1890 370
1926 370
1962 370
1999 370
2039 371
2078 372
2118 373
2158 374
2197 375
2241 376
2288 377
2334 378
2384 379
2438 380
2493 381
2549 382
2607 383
2668 384
2722 385
2781 386
2838 387
2892 388
2946 389
2999 390
3045 391
3092 392
3141 393
3187 394
3232 395
3274 396
3311 397
3345 398
3379 399
3417 400
3451 401
3483 402
3517 403
3550 404
3601 405
3632 406
3656 407
3679 408
3709 409
3734 410
3759 411
3782 412
3806 413
3831 414
3862 415
3894 416
3926 417
3960 418
3996 419
4031 420
4067 421
8 421
45 421
82 421
119 421
157 421
194 421
235 421
276 421
317 421
357 421
399 421
442 421
487 421
533 421
581 421
628 421
672 421
717 421
763 421
808 421
852 421
893 421
937 421
978 421
1018 421
1056 421
1093 421
1128 421
1162 421
1196 421
1229 421
1261 421
1291 421
1321 421
1349 421
1378 421
1406 421
1433 421
1459 421
1487 421
1514 421
1541 421
1569 421
1600 421
1631 421
1662 421
1695 421
1729 421
1766 421
1809 421
1855 421
1905 421
1964 421
2031 422
2092 423
2159 424
2231 425
2306 426
2379 427
2459 428
2533 429
2604 430
2673 431
2734 432
2785 433
2834 434
2880 435
2923 436
2969 437
3006 438
3041 439
3079 440
3121 441
3154 442
3184 443
3212 444
3236 445
3262 446
3288 447
3314 448
3324 449
3342 450
3364 451
3386 452
3406 453
3432 454
3458 455
3484 456
3512 457
3540 458
3568 459
3596 460
3626 461
3659 462
3694 463
3730 464
3766 465
3801 466
3838 467
3877 468
3916 469
3957 470
4019 471
4058 472
3 472
47 472
89 472
134 472
178 472
215 472
255 472
299 472
345 472
396 472
450 472
503 472
554 472
604 472
650 472
691 472
727 472
766 472
808 472
848 472
886 472
924 472
960 472
997 472
1032 472
1066 472
1100 472
1134 472
1166 472
1200 472
1234 472
1265 472
1294 472
1326 472
1359 472
1388 472
1415 472
1467 472
1489 472
1506 472
1527 472
1548 472
1573 472
1598 472
1623 472
1638 472
1664 472
1701 472
1740 472
1781 472
1824 472
1869 472
1909 472
1945 472
1986 472
2027 473
2100 474
2154 475
2217 476
2292 477
2381 478
2458 479
2534 480
2638 481
2692 482
2750 483
2834 484
2993 485
3144 486
3247 487
3323 488
3395 489
3452 490
3483 491
3498 492
3507 493
3520 494
3534 495
3548 496
3555 497
3561 498
3569 499
3577 500
3585 501
3590 502
3590 503
3605 504
3619 505
3637 506
3654 507
3671 508
3688 509
3709 510
3731 511
3754 512
3778 513
3802 514
3826 515
3849 516
3874 517
3901 518
3930 519
3963 520
3995 521
4029 522
4066 523
9 523
48 523
90 523
131 523
174 523
221 523
261 523
302 523
346 523
396 523
454 523
512 523
568 523
628 523
685 523
737 523
784 523
827 523
869 523
908 523
933 523
955 523
976 523
1032 523
1073 523
1115 523
1155 523
1194 523
1231 523
1270 523
1306 523
1340 523
1373 523
1405 523
1436 523
1465 523
1492 523
1519 523
1547 523
1571 523
1595 523
1618 523
1641 523
1662 523
1679 523
1693 523
1707 523
1704 523
1790 523
1766 523
1747 523
1713 523
1648 523
1434 523
659 523
469 523
469 523
469 523
469 523
469 523
469 523
469 523
469 523
469 523
469 523
469 523
469 523
469 523
469 523
466 523
419 523
371 523
301 523
218 523
151 523
101 523
63 523
28 523
4093 524
4067 525
4042 526
4008 527
3972 528
3933 529
3905 530
3880 531
3872 532
3849 533
3830 534
3822 535
3814 536
3807 537
3803 538
3801 539
3801 540
3808 541
3817 542
3833 543
3851 544
3873 545
3900 546
3927 547
3955 548
3986 549
4023 550
4066 551
13 551
54 551
90 551
115 551
144 551
176 551
284 551
500 551
500 551
500 551
500 551
500 551
501 551
501 551
501 551
501 551
501 551
501 551
501 551
636 551
831 551
1031 551
1111 551
1165 551
1202 551
1225 551
1240 551
1250 551
1279 551
1343 551
1401 551
1449 551
1494 551
1520 551
1541 551
1561 551
1578 551
1594 551
1608 551
1620 551
1632 551
1642 551
1650 551
1656 551
1661 551
1667 551
1670 551
1657 551
1655 551
1647 551
1640 551
1632 551
1595 551
1489 551
1136 551
632 551
506 551
474 551
473 551
472 551
472 551
472 551
471 551
471 551
471 551
471 551
471 551
471 551
471 551
471 551
471 551
471 551
471 551
470 551
470 551
470 551
470 551
470 551
470 551
471 551
411 551
294 551
177 551
104 551
53 551
19 551
4090 552
4074 553
4076 554
4080 555
4084 556
33 556
10 556
4085 557
4066 558
4053 559
4043 560
4037 561
4034 562
4033 563
4034 564
4039 565
4046 566
4058 567
4075 568
4095 569
26 569
66 569
106 569
130 569
215 569
464 569
500 569
501 569
501 569
501 569
501 569
502 569
503 569
632 569
1006 569
1201 569
1294 569
1334 569
1350 569
1351 569
1451 569
1528 569
1582 569
1603 569
1632 569
1660 569
1699 569
1720 569
1735 569
1751 569
1749 569
1746 569
1738 569
1704 569
1637 569
1560 569
1457 569
1318 569
1161 569
997 569
793 569
624 569
477 569
379 569
309 569
235 569
159 569
101 569
43 569
4083 570
4047 571
4027 572
4006 573
3995 574
3986 575
3977 576
3968 577
3966 578
3963 579
3964 580
3970 581
3982 582
3996 583
4010 584
4029 585
4058 586
4089 587
46 587
104 587
144 587
196 587
264 587
347 587
442 587
519 587
584 587
654 587
742 587
853 587
972 587
1083 587
1183 587
1237 587
1323 587
1427 587
1512 587
1578 587
1624 587
1658 587
1696 587
1731 587
1763 587
1791 587
1816 587
1837 587
1853 587
1864 587
1873 587
1871 587
1858 587
1837 587
1756 587
1672 587
1549 587
1319 587
1013 587
747 587
555 587
431 587
322 587
242 587
173 587
114 587
63 587
31 587
4090 588
4056 589
4031 590
4012 591
3999 592
3993 593
3992 594
3997 595
4007 596
4025 597
4048 598
4074 599
10 599
45 599
80 599
118 599
164 599
201 599
232 599
282 599
356 599
454 599
581 599
656 599
712 599
788 599
882 599
977 599
1064 599
1139 599
1198 599
1244 599
1285 599
1394 599
1491 599
1562 599
1611 599
1663 599
1715 599
1764 599
1812 599
1855 599
1897 599
1935 599
1972 599
2012 600
2051 601
2089 602
