2529 0
2530 1
2539 2
2554 3
2573 4
2595 5
2618 6
2643 7
2670 8
2699 9
2728 10
2759 11
2794 12
2834 13
2871 14
2921 15
2959 16
2998 17
3036 18
3072 19
3109 20
3146 21
3184 22
3221 23
3260 24
3298 25
3337 26
3376 27
3415 28
3456 29
3497 30
3539 31
3583 32
3627 33
3677 34
3725 35
3770 36
3813 37
3857 38
3905 39
3950 40
3990 41
4031 42
4075 43
19 43
59 43
117 43
153 43
192 43
230 43
267 43
309 43
350 43
391 43
430 43
468 43
508 43
549 43
592 43
634 43
677 43
720 43
763 43
804 43
844 43
884 43
926 43
969 43
1011 43
1051 43
1090 43
1129 43
1168 43
1220 43
1265 43
1311 43
1355 43
1398 43
1438 43
1479 43
1518 43
1559 43
1601 43
1643 43
1684 43
1728 43
1771 43
1811 43
1851 43
1890 43
1928 43
1969 43
2008 43
2046 43
2086 43
2124 43
2160 43
2198 43
2236 43
2272 43
2308 43
2345 43
2382 43
2419 43
2457 43
2496 43
2533 44
2570 45
2607 46
2644 47
2705 48
2721 49
2603 50
2625 51
2676 52
2767 53
2870 54
3002 55
3184 56
3398 57
3597 58
3753 59
3852 60
3842 61
3822 62
3800 63
3780 64
3762 65
3746 66
3731 67
3716 68
3706 69
3697 70
3691 71
3706 72
3773 73
3833 74
3891 75
3940 76
4006 77
9 77
40 77
69 77
99 77
130 77
164 77
197 77
226 77
257 77
286 77
316 77
346 77
379 77
414 77
450 77
487 77
528 77
570 77
612 77
656 77
700 77
742 77
784 77
829 77
873 77
917 77
960 77
1002 77
1042 77
1085 77
1127 77
1167 77
1206 77
1247 77
1288 77
1329 77
1369 77
1409 77
1451 77
1491 77
1532 77
1575 77
1617 77
1659 77
1705 77
1748 77
1789 77
1828 77
1867 77
1906 77
1947 77
1986 77
2022 77
2059 77
2098 77
2135 77
2170 77
2204 77
2239 77
2273 77
2309 77
2343 77
2397 77
2435 77
2473 77
2511 77
2549 78
2587 79
2641 80
2670 81
2561 82
2571 83
2594 84
2630 85
2687 86
2791 87
3056 88
3587 89
3980 90
12 90
4063 91
4026 92
3994 93
3942 94
3896 95
3861 96
3835 97
3816 98
3796 99
3778 100
3761 101
3744 102
3757 103
3820 104
3873 105
3919 106
3963 107
3997 108
0 108
75 108
98 108
124 108
149 108
171 108
194 108
216 108
240 108
266 108
295 108
326 108
357 108
388 108
422 108
460 108
498 108
536 108
579 108
624 108
669 108
714 108
760 108
805 108
849 108
892 108
934 108
975 108
1015 108
1059 108
1103 108
1145 108
1186 108
1230 108
1276 108
1318 108
1359 108
1399 108
1441 108
1483 108
1524 108
1565 108
1607 108
1649 108
1688 108
1731 108
1767 108
1805 108
1842 108
1875 108
1908 108
1940 108
1968 108
1995 108
2018 108
2044 108
2064 108
2080 108
2090 108
2097 108
2103 108
2106 108
2150 108
2240 108
2265 108
2304 108
2361 108
2354 108
615 108
473 108
471 108
471 108
471 108
471 108
471 108
471 108
471 108
471 108
471 108
471 108
471 108
471 108
471 108
471 108
471 108
471 108
471 108
496 108
580 108
666 108
753 108
794 108
817 108
824 108
824 108
829 108
818 108
802 108
701 108
638 108
568 108
511 108
459 108
434 108
401 108
409 108
394 108
380 108
373 108
374 108
378 108
382 108
389 108
398 108
410 108
425 108
441 108
453 108
471 108
498 108
531 108
611 108
502 108
502 108
502 108
508 108
517 108
517 108
517 108
517 108
517 108
517 108
517 108
517 108
517 108
1028 108
1266 108
1362 108
1409 108
1434 108
1449 108
1457 108
1480 108
1633 108
1739 108
1819 108
1899 108
1952 108
2033 108
2060 108
2086 108
2112 108
2131 108
2148 108
2160 108
2166 108
2169 108
2171 108
2171 108
2167 108
2155 108
2136 108
2118 108
2097 108
2087 108
2092 108
2052 108
1970 108
1835 108
1628 108
1301 108
1031 108
963 108
900 108
848 108
804 108
779 108
745 108
726 108
722 108
721 108
721 108
717 108
780 108
885 108
975 108
1016 108
1003 108
964 108
924 108
886 108
862 108
834 108
799 108
687 108
587 108
513 108
431 108
382 108
353 108
333 108
348 108
335 108
325 108
318 108
316 108
317 108
323 108
331 108
340 108
349 108
363 108
382 108
404 108
427 108
452 108
479 108
515 108
559 108
610 108
669 108
733 108
888 108
896 108
879 108
1031 108
1286 108
1394 108
1393 108
1393 108
1397 108
1405 108
1415 108
1425 108
1434 108
1443 108
1451 108
1459 108
1464 108
1470 108
1480 108
1607 108
1720 108
1833 108
1909 108
1937 108
1969 108
1999 108
2027 108
2064 108
2085 108
2106 108
2122 108
2130 108
2136 108
2140 108
2136 108
2127 108
2112 108
2092 108
2071 108
2098 108
2088 108
2040 108
1968 108
1864 108
1689 108
1434 108
1132 108
1029 108
983 108
934 108
892 108
859 108
814 108
788 108
758 108
739 108
735 108
742 108
743 108
735 108
753 108
759 108
797 108
907 108
995 108
1060 108
1009 108
972 108
941 108
914 108
887 108
861 108
790 108
672 108
567 108
484 108
427 108
397 108
384 108
361 108
341 108
326 108
318 108
312 108
307 108
303 108
302 108
311 108
326 108
347 108
366 108
398 108
426 108
499 108
500 108
500 108
501 108
502 108
503 108
506 108
507 108
1172 108
1363 108
1423 108
1447 108
1460 108
1468 108
1475 108
1479 108
1483 108
1486 108
1481 108
1544 108
1579 108
1619 108
1655 108
1689 108
1721 108
1750 108
1777 108
1799 108
1819 108
1835 108
1849 108
1860 108
1866 108
1870 108
1874 108
1878 108
1874 108
1874 108
2024 108
2023 108
2018 108
2003 108
1962 108
1904 108
1805 108
1644 108
1357 108
951 108
720 108
621 108
539 108
519 108
477 108
474 108
474 108
473 108
473 108
473 108
472 108
472 108
472 108
472 108
471 108
471 108
470 108
470 108
467 108
313 108
36 108
4003 109
4012 110
4040 111
4071 112
5 112
180 112
436 112
432 112
321 112
278 112
243 112
250 112
247 112
221 112
203 112
188 112
177 112
168 112
162 112
162 112
173 112
184 112
198 112
219 112
231 112
250 112
268 112
499 112
501 112
501 112
501 112
502 112
503 112
503 112
503 112
503 112
999 112
1294 112
1356 112
1372 112
1389 112
1400 112
1403 112
1394 112
1292 112
1357 112
1437 112
1479 112
1522 112
1567 112
1610 112
1648 112
1687 112
1723 112
1755 112
1784 112
1809 112
1831 112
1848 112
1862 112
1870 112
1872 112
1874 112
1871 112
1864 112
1856 112
1840 112
1881 112
1991 112
1972 112
1944 112
1894 112
1823 112
1720 112
1564 112
1380 112
1064 112
936 112
858 112
764 112
673 112
619 112
598 112
593 112
564 112
558 112
549 112
534 112
527 112
510 112
510 112
506 112
506 112
504 112
503 112
498 112
498 112
498 112
502 112
405 112
194 112
91 112
36 112
63 112
144 112
179 112
176 112
169 112
183 112
225 112
200 112
180 112
162 112
151 112
147 112
147 112
155 112
167 112
187 112
210 112
235 112
263 112
294 112
327 112
356 112
392 112
440 112
493 112
580 112
514 112
501 112
501 112
501 112
501 112
623 112
807 112
970 112
1120 112
1227 112
1293 112
1335 112
1370 112
1399 112
1412 112
1382 112
1318 112
1421 112
1480 112
1521 112
1565 112
1611 112
1655 112
1697 112
1738 112
1776 112
1809 112
1841 112
1871 112
1899 112
1928 112
1957 112
1983 112
2010 112
2036 112
2075 112
2096 112
2111 112
2125 112
2136 112
2143 112
2145 112
2141 112
2135 112
2206 112
2298 112
2310 112
2336 112
2341 112
1524 112
517 112
480 112
475 112
474 112
474 112
474 112
474 112
474 112
473 112
473 112
473 112
472 112
472 112
472 112
472 112
472 112
472 112
472 112
506 112
565 112
687 112
843 112
953 112
966 112
942 112
909 112
888 112
876 112
861 112
841 112
781 112
703 112
638 112
603 112
580 112
550 112
526 112
510 112
500 112
495 112
492 112
491 112
490 112
495 112
506 112
521 112
540 112
562 112
587 112
619 112
649 112
683 112
723 112
768 112
818 112
852 112
903 112
949 112
997 112
1050 112
1088 112
1120 112
1156 112
1204 112
1254 112
1466 112
1462 112
1453 112
1448 112
1439 112
1438 112
1444 112
1451 112
1449 112
1443 112
1551 112
1754 112
1858 112
1935 112
1986 112
2074 112
2117 112
2138 112
2169 112
2204 112
2217 112
2229 112
2247 112
2265 112
2282 112
2298 112
2310 112
2322 112
2333 112
2340 112
2341 112
2343 112
2322 112
2214 112
2361 112
2377 112
2327 112
524 112
473 112
554 112
788 112
1021 112
1155 112
1115 112
1063 112
1036 112
1026 112
1020 112
1013 112
1000 112
987 112
977 112
970 112
962 112
957 112
955 112
948 112
938 112
931 112
922 112
917 112
911 112
899 112
893 112
878 112
865 112
832 112
800 112
777 112
760 112
730 112
730 112
715 112
715 112
715 112
707 112
712 112
721 112
717 112
708 112
705 112
711 112
720 112
733 112
748 112
763 112
783 112
807 112
836 112
872 112
899 112
940 112
989 112
1034 112
1087 112
1140 112
1177 112
1252 112
1304 112
1360 112
1418 112
1470 112
1523 112
1573 112
1617 112
1662 112
1714 112
1758 112
1792 112
1824 112
1868 112
1911 112
1955 112
1996 112
2032 112
2074 112
2110 112
2145 112
2178 112
2208 112
2235 112
2262 112
2285 112
2304 112
2317 112
2323 112
2326 112
2325 112
2316 112
2250 112
2477 112
2564 113
2604 114
373 114
460 114
462 114
462 114
462 114
462 114
463 114
473 114
537 114
508 114
519 114
560 114
575 114
590 114
589 114
607 114
629 114
665 114
687 114
691 114
690 114
695 114
686 114
645 114
561 114
489 114
446 114
415 114
392 114
373 114
349 114
338 114
340 114
344 114
377 114
405 114
408 114
414 114
426 114
439 114
454 114
470 114
486 114
506 114
529 114
551 114
573 114
597 114
624 114
653 114
681 114
714 114
748 114
805 114
847 114
891 114
937 114
985 114
1038 114
1077 114
1112 114
1154 114
1199 114
1251 114
1308 114
1363 114
1419 114
1475 114
1525 114
1576 114
1624 114
1670 114
1715 114
1754 114
1786 114
1826 114
1867 114
1908 114
1949 114
1988 114
2025 114
2061 114
2094 114
2149 114
2180 114
2203 114
2223 114
2240 114
2251 114
2260 114
2261 114
2260 114
2255 114
2225 114
2395 114
2524 114
2566 115
2629 116
408 116
461 116
462 116
462 116
462 116
462 116
462 116
462 116
462 116
462 116
462 116
463 116
463 116
463 116
463 116
463 116
463 116
463 116
463 116
463 116
463 116
465 116
460 116
371 116
258 116
193 116
166 116
177 116
203 116
224 116
241 116
258 116
276 116
296 116
330 116
377 116
388 116
392 116
397 116
404 116
413 116
423 116
435 116
451 116
472 116
497 116
523 116
552 116
587 116
624 116
664 116
705 116
749 116
794 116
840 116
888 116
936 116
984 116
1024 116
1058 116
1095 116
1137 116
1183 116
1232 116
1284 116
1337 116
1389 116
1440 116
1490 116
1538 116
1583 116
1627 116
1667 116
1706 116
1747 116
1789 116
1832 116
1873 116
1910 116
1948 116
1985 116
2020 116
2051 116
2083 116
2113 116
2142 116
2170 116
2195 116
2223 116
2250 116
2274 116
2295 116
2315 116
2329 116
2320 116
2526 116
2557 117
2562 118
2575 119
2673 120
395 120
453 120
460 120
460 120
460 120
460 120
460 120
460 120
460 120
460 120
460 120
460 120
418 120
250 120
4068 121
3920 122
3991 123
4034 124
4064 125
4092 126
129 126
196 126
214 126
238 126
265 126
302 126
345 126
391 126
439 126
493 126
552 126
614 126
682 126
755 126
875 126
956 126
1033 126
1104 126
1170 126
1238 126
1307 126
1375 126
1443 126
1513 126
1578 126
1646 126
1708 126
1768 126
1825 126
1877 126
1926 126
1971 126
2012 126
2050 126
2085 126
2117 126
2194 126
2555 127
2563 128
2583 129
10 129
441 129
461 129
461 129
461 129
461 129
461 129
461 129
461 129
461 129
429 129
131 129
3968 130
3839 131
3829 132
3876 133
3927 134
3969 135
4003 136
4056 137
115 137
178 137
204 137
229 137
254 137
281 137
310 137
346 137
385 137
432 137
488 137
546 137
607 137
672 137
744 137
817 137
890 137
966 137
1074 137
1144 137
1207 137
1279 137
1360 137
1437 137
1513 137
1580 137
1651 137
1717 137
1778 137
1851 137
1903 137
1951 137
1993 137
2033 137
2070 137
2103 137
2134 137
2165 137
2316 137
2558 138
2571 139
2916 140
438 140
461 140
461 140
461 140
461 140
462 140
462 140
462 140
462 140
463 140
463 140
481 140
530 140
527 140
383 140
272 140
187 140
148 140
137 140
166 140
251 140
260 140
275 140
293 140
320 140
352 140
385 140
426 140
474 140
530 140
594 140
667 140
746 140
827 140
905 140
984 140
1058 140
1132 140
1202 140
1273 140
1341 140
1408 140
1476 140
1542 140
1609 140
1675 140
1740 140
1801 140
1858 140
1911 140
