1562 1
1562 2
1555 2
1533 2
1509 2
1480 2
1434 2
1376 2
1308 2
1247 2
1188 2
1143 2
1109 2
1078 2
1050 2
1037 2
1031 2
1026 2
1021 2
1017 2
1013 2
1009 2
1006 2
1003 2
1000 2
997 2
994 2
992 2
989 2
986 2
982 2
979 2
976 2
973 2
974 2
976 2
977 2
977 2
969 2
940 2
908 2
870 2
824 2
772 2
679 2
607 2
533 2
453 2
370 2
288 2
209 2
135 2
70 2
9 2
4050 3
4070 4
4094 5
23 5
48 5
32 5
4091 6
4044 7
3919 8
3837 9
147 9
547 9
547 9
547 9
547 9
547 9
547 9
547 9
547 9
547 9
547 9
547 9
547 9
547 9
547 9
547 9
547 9
547 9
547 9
547 9
1636 10
1882 11
1910 12
1920 13
1922 14
1921 15
1972 16
2038 17
2031 18
1993 19
1948 20
1894 21
1834 22
1768 23
1695 24
1623 25
1544 25
1451 25
1368 25
1292 25
1223 25
1164 25
1112 25
1069 25
1034 25
1007 25
987 25
975 25
969 25
965 25
962 25
960 25
960 25
956 25
952 25
947 25
940 25
936 25
933 25
929 25
924 25
917 25
910 25
905 25
896 25
883 25
871 25
855 25
840 25
822 25
802 25
773 25
742 25
709 25
668 25
619 25
557 25
495 25
432 25
367 25
297 25
222 25
153 25
90 25
31 25
4068 26
4040 27
4065 28
4090 29
17 29
22 29
4079 30
4017 31
3902 32
3736 33
3866 34
273 34
551 34
551 34
551 34
551 34
551 34
551 34
551 34
551 34
551 34
551 34
551 34
551 34
551 34
551 34
551 34
551 34
550 34
548 34
751 34
1341 34
1659 35
1763 36
1811 37
1838 38
1897 39
1939 40
1908 41
1874 42
1837 43
1796 44
1744 45
1682 46
1611 47
1542 47
1438 47
1317 47
1216 47
1135 47
1062 47
1014 47
999 47
987 47
977 47
967 47
958 47
950 47
944 47
940 47
936 47
933 47
931 47
930 47
929 47
927 47
926 47
925 47
923 47
921 47
919 47
918 47
918 47
911 47
856 47
821 47
791 47
772 47
746 47
714 47
676 47
633 47
588 47
539 47
479 47
414 47
349 47
282 47
212 47
110 47
41 47
4077 48
4020 49
3990 50
4002 51
4021 52
4046 53
4076 54
11 54
4082 55
4034 56
3952 57
3773 58
3826 59
174 59
551 59
551 59
551 59
551 59
551 59
551 59
551 59
551 59
551 59
551 59
551 59
551 59
551 59
551 59
551 59
551 59
551 59
551 59
551 59
551 59
1608 60
2319 61
2051 62
1985 63
1946 64
1928 65
1931 66
1988 67
2028 68
1982 69
1931 70
1866 71
1800 72
1730 73
1664 74
1595 75
1494 75
1411 75
1314 75
1231 75
1163 75
1098 75
1050 75
1018 75
1008 75
1000 75
993 75
987 75
983 75
980 75
977 75
975 75
974 75
974 75
974 75
973 75
972 75
971 75
971 75
971 75
970 75
969 75
968 75
965 75
959 75
954 75
934 75
912 75
902 75
889 75
861 75
832 75
798 75
761 75
720 75
673 75
613 75
548 75
481 75
402 75
320 75
239 75
160 75
87 75
18 75
4042 76
3980 77
3951 78
3961 79
3969 80
3976 81
3985 82
3986 83
3884 84
3684 85
3707 86
3760 87
3873 88
96 88
552 88
552 88
552 88
552 88
552 88
552 88
552 88
552 88
552 88
552 88
552 88
552 88
552 88
552 88
552 88
552 88
552 88
2476 89
2529 90
2386 91
2159 92
2096 93
2089 94
2084 95
2085 96
2085 97
2039 98
1966 99
1891 100
1812 101
1732 102
1655 103
1572 104
1468 104
1395 104
1329 104
1275 104
1227 104
1188 104
1156 104
1127 104
1102 104
1084 104
1070 104
1057 104
1046 104
1037 104
1031 104
1026 104
1020 104
1018 104
1016 104
1014 104
1011 104
1006 104
999 104
986 104
973 104
960 104
946 104
930 104
911 104
892 104
870 104
843 104
810 104
776 104
736 104
690 104
638 104
578 104
512 104
446 104
374 104
295 104
215 104
142 104
72 104
3 104
4033 105
4010 106
4026 107
4042 108
4058 109
4070 110
4015 111
3923 112
3724 113
3733 114
3837 115
69 115
552 115
552 115
552 115
552 115
552 115
552 115
552 115
552 115
552 115
552 115
552 115
552 115
552 115
552 115
552 115
552 115
552 115
552 115
1675 116
2515 117
2532 118
2228 119
2117 120
2056 121
2039 122
2049 123
2053 124
2059 125
2008 126
1941 127
1868 128
1785 129
1704 130
1627 131
1542 131
1445 131
1366 131
1294 131
1228 131
1174 131
1064 131
1027 131
1008 131
1001 131
995 131
990 131
986 131
983 131
981 131
979 131
978 131
978 131
978 131
978 131
992 131
1006 131
1016 131
1011 131
1004 131
995 131
977 131
962 131
942 131
926 131
903 131
867 131
836 131
803 131
762 131
718 131
665 131
600 131
522 131
443 131
357 131
258 131
165 131
83 131
7 131
4029 132
3960 133
3895 134
3838 135
3787 136
3742 137
3700 138
3669 139
3636 140
3593 141
3534 142
3450 143
3381 144
3437 145
3511 146
3606 147
3724 148
3846 149
3980 150
157 150
533 150
538 150
538 150
542 150
601 150
2340 151
2484 152
2511 153
2523 154
2530 155
2561 156
2598 157
2465 158
2371 159
2308 160
2265 161
2237 162
2215 163
2155 164
2078 165
1947 166
1850 167
1748 168
1644 169
1541 169
1445 169
1357 169
1280 169
1212 169
1157 169
1115 169
1078 169
1041 169
1015 169
995 169
981 169
976 169
972 169
969 169
967 169
963 169
956 169
947 169
941 169
938 169
937 169
934 169
931 169
928 169
924 169
920 169
916 169
907 169
898 169
888 169
877 169
862 169
845 169
824 169
802 169
769 169
737 169
701 169
659 169
608 169
549 169
480 169
400 169
317 169
228 169
134 169
46 169
4067 170
4002 171
3945 172
3896 173
3900 174
3907 175
3922 176
3936 177
3948 178
3868 179
3683 180
3728 181
3864 182
488 182
551 182
551 182
551 182
551 182
551 182
551 182
551 182
551 182
551 182
551 182
551 182
551 182
551 182
551 182
551 182
551 182
551 182
1875 183
1876 184
1871 185
1873 186
1878 187
1950 188
1893 189
1829 190
1755 191
1673 192
1578 193
1417 193
1307 193
1206 193
1123 193
1046 193
992 193
975 193
959 193
946 193
933 193
922 193
908 193
896 193
885 193
879 193
876 193
872 193
872 193
876 193
877 193
877 193
879 193
881 193
884 193
885 193
886 193
887 193
887 193
887 193
887 193
884 193
880 193
830 193
791 193
758 193
736 193
714 193
684 193
653 193
608 193
556 193
507 193
452 193
390 193
319 193
245 193
175 193
109 193
45 193
4082 194
4030 195
3986 196
3982 197
4004 198
4027 199
4055 200
50 200
47 200
33 200
4090 201
283 201
550 201
550 201
550 201
550 201
550 201
550 201
550 201
550 201
550 201
550 201
550 201
550 201
550 201
550 201
549 201
547 201
544 201
912 201
1374 201
1439 201
1464 201
1642 202
1740 203
1680 204
1662 205
1658 206
1651 207
1640 208
1622 209
1599 210
1568 211
1526 211
1477 211
1420 211
1285 211
1111 211
1037 211
985 211
925 211
857 211
788 211
726 211
664 211
610 211
573 211
559 211
548 211
542 211
534 211
533 211
536 211
540 211
545 211
552 211
564 211
581 211
591 211
601 211
614 211
629 211
642 211
655 211
714 211
725 211
726 211
734 211
732 211
703 211
636 211
552 211
471 211
392 211
320 211
255 211
204 211
163 211
169 211
120 211
71 211
26 211
4084 212
4047 213
4014 214
3989 215
3973 216
3979 217
4015 218
4054 219
3 219
58 219
99 219
212 219
503 219
506 219
509 219
512 219
520 219
531 219
531 219
531 219
531 219
531 219
531 219
531 219
531 219
531 219
1048 219
1363 219
1371 219
1357 219
1342 219
1333 219
1296 219
1342 219
1416 219
1450 219
1475 219
1500 219
1521 219
1543 219
1563 220
1580 221
1597 222
1613 223
1630 224
1643 225
1656 226
1662 227
1714 228
1742 229
1619 230
1464 230
971 230
488 230
473 230
472 230
472 230
471 230
471 230
471 230
471 230
470 230
470 230
470 230
470 230
469 230
469 230
469 230
469 230
468 230
468 230
383 230
187 230
56 230
4057 231
3987 232
3938 233
3902 234
3850 235
3804 236
3742 237
3682 238
3676 239
3674 240
3675 241
3678 242
3687 243
3700 244
3718 245
3739 246
3767 247
3796 248
3829 249
3866 250
3908 251
3955 252
4003 253
4051 254
8 254
60 254
110 254
161 254
214 254
267 254
315 254
361 254
407 254
452 254
499 254
549 254
597 254
643 254
689 254
732 254
776 254
819 254
866 254
910 254
953 254
995 254
1037 254
1076 254
1113 254
1148 254
1182 254
1229 254
1264 254
1299 254
1332 254
1360 254
1388 254
1417 254
1442 254
1462 254
1479 254
1482 254
1477 254
1367 254
1330 254
1271 254
1178 254
1015 254
678 254
476 254
472 254
471 254
471 254
471 254
470 254
470 254
470 254
469 254
469 254
469 254
463 254
437 254
137 254
2802 255
2813 256
2928 257
3003 258
3032 259
3059 260
3078 261
3096 262
3113 263
3135 264
3276 265
3290 266
3307 267
3325 268
3347 269
3371 270
3395 271
3419 272
3446 273
3475 274
3507 275
3559 276
3597 277
3637 278
3677 279
3721 280
3765 281
3808 282
3854 283
3902 284
3948 285
3993 286
4038 287
4085 288
37 288
84 288
130 288
177 288
224 288
269 288
313 288
358 288
403 288
447 288
490 288
538 288
584 288
629 288
672 288
714 288
755 288
796 288
837 288
878 288
917 288
956 288
994 288
1034 288
1074 288
1112 288
1149 288
1186 288
1223 288
1260 288
1299 288
1338 288
1375 288
1413 288
1453 288
1490 288
1527 288
1561 289
1597 290
1622 291
1671 292
1546 292
1330 292
1276 292
1195 292
1032 292
712 292
492 292
471 292
467 292
463 292
458 292
454 292
444 292
425 292
379 292
276 292
3762 293
2871 294
2708 295
2681 296
2713 297
2966 298
3052 299
3235 300
3337 301
3384 302
3470 303
3527 304
3588 305
3645 306
3690 307
3716 308
3730 309
3742 310
3752 311
3750 312
3745 313
3751 314
3763 315
3777 316
3792 317
3809 318
3829 319
3852 320
3876 321
3902 322
3930 323
3977 324
4007 325
4037 326
4067 327
4094 328
24 328
51 328
79 328
107 328
134 328
165 328
198 328
246 328
279 328
312 328
355 328
409 328
473 328
549 328
501 328
501 328
501 328
501 328
524 328
605 328
710 328
827 328
946 328
1063 328
1169 328
1255 328
1329 328
1387 328
1435 328
1471 328
1478 328
1480 328
1483 328
1503 328
1615 329
1641 330
1654 331
1688 332
1721 333
1751 334
1778 335
1801 336
1823 337
1840 338
1856 339
1869 340
1876 341
1879 342
1881 343
1879 344
1910 345
2008 346
2004 347
1991 348
1958 349
1813 350
883 350
503 350
474 350
473 350
472 350
472 350
472 350
472 350
471 350
471 350
471 350
471 350
471 350
471 350
471 350
471 350
471 350
471 350
471 350
471 350
471 350
471 350
470 350
470 350
465 350
370 350
243 350
146 350
80 350
52 350
31 350
28 350
39 350
58 350
85 350
107 350
127 350
201 350
275 350
290 350
304 350
321 350
336 350
353 350
371 350
407 350
439 350
476 350
518 350
561 350
615 350
679 350
752 350
834 350
920 350
1002 350
1084 350
1162 350
1236 350
1310 350
1381 350
1453 350
1524 350
1593 351
1667 352
1737 353
1806 354
1873 355
1941 356
2006 357
2071 358
2133 359
2195 360
2250 361
2304 362
2352 363
2394 364
2435 365
2471 366
2447 367
2563 368
2783 369
454 369
461 369
461 369
461 369
461 369
461 369
461 369
260 369
4019 370
3875 371
3806 372
3773 373
3758 374
3752 375
3866 376
3993 377
4093 378
72 378
164 378
298 378
356 378
399 378
442 378
480 378
525 378
573 378
626 378
686 378
749 378
816 378
885 378
957 378
1026 378
1097 378
1167 378
1236 378
1306 378
1374 378
1471 378
1543 378
1613 379
1682 380
1751 381
1822 382
1889 383
1959 384
2026 385
2089 386
2158 387
2225 388
2299 389
2370 390
2442 391
2512 392
2586 393
2663 394
2743 395
2826 396
2909 397
2976 398
3042 399
3109 400
3169 401
3228 402
3287 403
3348 404
3409 405
3474 406
3539 407
3610 408
3677 409
3748 410
3817 411
3893 412
3964 413
4041 414
26 414
103 414
159 414
210 414
279 414
342 414
413 414
492 414
572 414
648 414
722 414
792 414
858 414
928 414
995 414
1061 414
1128 414
1194 414
1291 414
1359 414
1425 414
1493 414
1564 415
1636 416
1708 417
1780 418
1857 419
1928 420
1998 421
2070 422
2144 423
2214 424
2278 425
2341 426
2404 427
2472 428
2540 429
2611 430
2684 431
2762 432
2840 433
2916 434
2980 435
3046 436
3115 437
3181 438
3243 439
3305 440
3365 441
3426 442
3489 443
3555 444
3624 445
3693 446
3766 447
3834 448
3905 449
3975 450
4043 451
17 451
87 451
163 451
236 451
313 451
386 451
